Wavelength	A1	A5
549	0.015438546	0.008341541
551	0.01917045	0.006308468
553	0.02149699	0.004997604
556	0.022402204	0.003835015
558	0.02259574	0.003162724
560	0.021804569	0.003052462
563	0.022522801	0.00354157
565	0.024308144	0.004458937
567	0.027516962	0.006582754
570	0.028769779	0.009089974
572	0.031986687	0.013613508
574	0.033710108	0.020091323
577	0.032298848	0.029872838
579	0.031016401	0.043524116
581	0.030990472	0.061667492
584	0.032498301	0.083401978
586	0.038984276	0.108579551
588	0.048852629	0.135156149
591	0.060055715	0.160806534
593	0.072979847	0.184576391
595	0.082863585	0.203745059
598	0.088797918	0.217259485
600	0.087238709	0.225460456
602	0.082765033	0.228352845
605	0.076494756	0.228410561
607	0.071398746	0.22582251
609	0.069406887	0.222782643
612	0.071440839	0.219376185
614	0.075304898	0.214888071
616	0.081515075	0.210951681
619	0.086101861	0.205314096
621	0.08916775	0.198773829
623	0.091520842	0.191684342
626	0.094977554	0.184771322
628	0.102298183	0.180122356
630	0.112333355	0.177601164
633	0.123324366	0.178258376
635	0.134341461	0.179727595
637	0.140512384	0.179483453
640	0.142965953	0.1770613
642	0.141430264	0.171080521
644	0.139939622	0.162257423
646	0.13789443	0.149795085
649	0.136498237	0.135181294
651	0.13907335	0.120324666
653	0.145635637	0.108076089
656	0.151798157	0.098708246
658	0.160462226	0.092367374
660	0.168711882	0.089228062
663	0.177692684	0.089559601
665	0.18842112	0.09277371
667	0.199116808	0.097213976
670	0.207033773	0.101279882
672	0.214783111	0.104422509
674	0.219772581	0.105887502
677	0.22431599	0.106405827
679	0.224941483	0.105462895
681	0.2258487	0.10413446
683	0.226001361	0.102384138
686	0.223943807	0.100738987
688	0.223143668	0.099886269
690	0.221380373	0.098817316
693	0.220353044	0.09794297
695	0.221277935	0.097188372
697	0.222317137	0.096292746
700	0.226321195	0.09638521
702	0.230954908	0.097031589
704	0.23979646	0.100027758
706	0.249314211	0.104611392
709	0.258289035	0.110254852
711	0.271433188	0.11808918
713	0.28184479	0.12605254
716	0.292890006	0.133248464
718	0.301705033	0.13943362
720	0.308631524	0.143485224
723	0.314663834	0.145931795
725	0.320551537	0.14682331
727	0.336763963	0.149096196
729	0.370464618	0.153518336
732	0.431968163	0.164536256
734	0.524085334	0.188307342
736	0.633520263	0.22535673
739	0.739097504	0.266721653
741	0.808751289	0.299609967
743	0.826026599	0.315099412
745	0.794477768	0.312828662
748	0.716049007	0.291684682
750	0.61397535	0.256498293
752	0.511272087	0.214774172
755	0.424432329	0.175343106
757	0.369351159	0.148587761
759	0.345362201	0.135897853
761	0.33721559	0.130842824
764	0.334191023	0.127532681
766	0.335176869	0.125090643
768	0.344570155	0.12591321
771	0.356525251	0.127451321
773	0.369502459	0.130228086
775	0.380067674	0.133758926
777	0.385004716	0.136769742
780	0.38486931	0.139607951
782	0.377961586	0.141142508
784	0.369508503	0.141934756
787	0.358746413	0.141680136
789	0.35028549	0.141683727
791	0.34369728	0.142983072
793	0.340096994	0.144884014
796	0.337819617	0.148341351
798	0.33832204	0.154568172
800	0.34117452	0.165525657
802	0.345447259	0.183518927
805	0.351454123	0.211362839
807	0.35837522	0.25099254
809	0.36665838	0.304766122
812	0.375156439	0.372214269
814	0.384833613	0.452367718
816	0.393716893	0.537320954
818	0.402487291	0.619687885
821	0.408595186	0.69411493
823	0.409216775	0.756754599
825	0.407617228	0.80588739
827	0.404498039	0.836542072
830	0.395726082	0.841149419
832	0.389942165	0.820714428
834	0.388948367	0.782339274
837	0.391399567	0.733092528
839	0.39901172	0.6818334
841	0.410107584	0.63951716
843	0.422351243	0.613730768
846	0.429987137	0.6099677
848	0.438097513	0.626346192
850	0.443148579	0.648410195
852	0.441652551	0.65986657
855	0.439705819	0.653863334
857	0.436320154	0.625144833
859	0.432539962	0.577363772
861	0.430212686	0.520544608
864	0.432917743	0.467608029
866	0.435171892	0.424098348
868	0.438738938	0.398725372
870	0.445321526	0.390527001
873	0.451333866	0.396318907
875	0.456490025	0.409961053
877	0.462765619	0.428175905
879	0.466201293	0.447426698
882	0.473991404	0.475268112
884	0.480694991	0.510038219
886	0.491753351	0.550532779
889	0.49986866	0.591718725
891	0.509081157	0.628178424
893	0.515396379	0.653771126
895	0.521577784	0.668564361
898	0.525555153	0.668575587
900	0.528072329	0.656569462
902	0.535089548	0.637346488
904	0.544269077	0.615117378
907	0.557692802	0.590537934
909	0.572382212	0.565946149
911	0.586496991	0.545023681
913	0.597213749	0.526784096
915	0.603908206	0.512496193
918	0.607335235	0.502150824
920	0.604759869	0.491498223
922	0.600370273	0.477047976
924	0.59841798	0.458127235
927	0.594691975	0.431982655
929	0.594818015	0.402234519
931	0.594981045	0.375387056
933	0.593068499	0.355150592
936	0.594107823	0.347747408
938	0.595924728	0.352914715
940	0.596597362	0.36871028
942	0.598319514	0.392129896
945	0.604578706	0.416719649
947	0.608972263	0.437735494
949	0.613242375	0.451331005
951	0.618763701	0.456018171
954	0.627408358	0.453486466
956	0.630457661	0.444585968
958	0.638420383	0.4362559
960	0.64479998	0.426755889
963	0.648115992	0.418346179
965	0.649994411	0.413419978
967	0.651551761	0.408822774
969	0.651449291	0.404242107
971	0.650755579	0.396744284
974	0.65219584	0.384120454
976	0.659912026	0.368479851
978	0.663205357	0.348343729
980	0.671187442	0.327410146
983	0.680317288	0.305132951
985	0.698012238	0.286656256
987	0.725689797	0.278308795
989	0.761886633	0.279200794
992	0.789927014	0.282904419
994	0.804258542	0.285044613
996	0.799966628	0.283600188
998	0.781336359	0.279573436
1000	0.743937639	0.270144335
1003	0.697923561	0.257470569
1005	0.649635361	0.241569319
1007	0.614196973	0.229292644
1009	0.594484277	0.223514256
1012	0.591950095	0.223839953
1014	0.592401906	0.225178534
1016	0.59813328	0.228662852
1018	0.606392605	0.234467884
1020	0.615362449	0.241995178
1023	0.619670558	0.251200119
1025	0.620500477	0.261057302
1027	0.620991941	0.272819243
1029	0.617586335	0.28804509
1032	0.617337925	0.310432886
1034	0.620793384	0.343813925
1036	0.623196381	0.39026857
1038	0.627284379	0.451669615
1040	0.629849585	0.525208193
1043	0.62945539	0.603267763
1045	0.625012406	0.677332904
1047	0.621014294	0.736101243
1049	0.617572666	0.769514193
1051	0.614792101	0.772488968
1054	0.616065782	0.745488476
1056	0.617401657	0.692265491
1058	0.620312536	0.624601721
1060	0.623859367	0.553050115
1063	0.624997952	0.487347023
1065	0.630323199	0.43589397
1067	0.637072627	0.40125057
1069	0.643563688	0.382677388
1071	0.645785455	0.374148915
1074	0.651454247	0.375649051
1076	0.653355551	0.380669813
1078	0.652866116	0.388818996
1080	0.65417399	0.403081066
1082	0.653275763	0.426190393
1085	0.655182832	0.463402322
1087	0.656431176	0.513281218
1089	0.660731457	0.571869822
1091	0.665222954	0.627191909
1093	0.664035724	0.665335003
1096	0.665350849	0.68049947
1098	0.664882904	0.666294716
1100	0.665255598	0.626211907
1102	0.672024346	0.568489515
1104	0.690859674	0.508185992
1107	0.727938472	0.458798715
1109	0.782242073	0.432250235
1111	0.85161959	0.433451902
1113	0.918542942	0.455321065
1115	0.963662561	0.486154976
1118	0.973257213	0.513820518
1120	0.945425506	0.532255724
1122	0.88504021	0.538673905
1124	0.800660157	0.530706204
1126	0.712310737	0.51311013
1129	0.633511238	0.491072737
1131	0.580070736	0.473339769
1133	0.550988082	0.460491027
1135	0.540747729	0.449813195
1137	0.540534944	0.435827501
1140	0.541004606	0.415162746
1142	0.543114278	0.389180315
1144	0.545696626	0.36008712
1146	0.545975777	0.329382215
1148	0.546095545	0.301196152
1150	0.54833955	0.279367325
1153	0.557242475	0.266848582
1155	0.570857913	0.263313204
1157	0.584987126	0.267704592
1159	0.596764433	0.277148066
1161	0.599184434	0.287455905
1164	0.592042922	0.296973895
1166	0.574904563	0.303849513
1168	0.551441231	0.30829877
1170	0.523678731	0.30993749
1172	0.499542482	0.310799111
1175	0.480435012	0.311304233
1177	0.468397099	0.312554729
1179	0.461010662	0.314980262
1181	0.462180802	0.318372331
1183	0.464307738	0.322040276
1185	0.474297672	0.327217255
1188	0.486230207	0.332995403
1190	0.502499035	0.339636313
1192	0.520777281	0.34619279
1194	0.540422029	0.352685955
1196	0.555311971	0.357062282
1198	0.566699236	0.359865675
1201	0.575133197	0.361089665
1203	0.589721941	0.363415675
1205	0.600034324	0.36370791
1207	0.616743572	0.365473335
1209	0.635308711	0.370138424
1212	0.652281126	0.376639136
1214	0.673522841	0.387065503
1216	0.690848544	0.398773668
1218	0.702904326	0.41107765
1220	0.712901478	0.423833422
1222	0.719497032	0.433019899
1225	0.726509004	0.437915649
1227	0.726592793	0.434552092
1229	0.728314097	0.427204806
1231	0.725937972	0.415268519
1233	0.719323272	0.399992996
1235	0.716461564	0.386897032
1238	0.708333257	0.375108743
1240	0.700679382	0.367133794
1242	0.692953603	0.363665823
1244	0.684989433	0.361656931
1246	0.677577416	0.360675228
1248	0.670183235	0.35795111
1251	0.661782967	0.352013003
1253	0.653087915	0.341991229
1255	0.644414911	0.328650922
1257	0.638146771	0.31494638
1259	0.630929824	0.300121503
1261	0.625076091	0.286234123
1264	0.618661993	0.276491711
1266	0.616080212	0.270344149
1268	0.615920582	0.270427768
1270	0.618875933	0.275745188
1272	0.622697848	0.286108491
1274	0.631732661	0.30169611
1276	0.645644072	0.320812722
1279	0.666464986	0.344329237
1281	0.696854146	0.369825583
1283	0.730683937	0.394631848
1285	0.770350816	0.419382466
1287	0.814354073	0.44095872
1289	0.856843272	0.460462658
1292	0.895637125	0.475475265
1294	0.927991681	0.48578115
1296	0.952754993	0.489277711
1298	0.961229289	0.48426405
1300	0.955070879	0.472276153
1302	0.937029382	0.452788992
1304	0.904812081	0.427467397
1307	0.869196172	0.400294865
1309	0.834195738	0.373227584
1311	0.80083683	0.349361751
1313	0.779181261	0.332003107
1315	0.774088141	0.324842444
1317	0.783332315	0.326428724
1320	0.798483665	0.338383375
1322	0.816609365	0.360065831
1324	0.833560502	0.391575854
1326	0.843817757	0.433611267
1328	0.840089999	0.479143024
1330	0.828810758	0.528677254
1332	0.802971797	0.573442122
1335	0.774524728	0.612649527
1337	0.75013054	0.644816396
1339	0.72995442	0.665996485
1341	0.71970419	0.677349394
1343	0.716206608	0.678250121
1345	0.720035613	0.670861027
1347	0.722135486	0.65517566
1350	0.718204605	0.631524341
1352	0.714653581	0.605272089
1354	0.700197515	0.572604096
1356	0.681823002	0.540797553
1358	0.663253488	0.512047174
1360	0.641931282	0.487132661
1362	0.625161069	0.468092376
1364	0.609108801	0.454305322
1367	0.601109106	0.447862638
1369	0.595535997	0.444228383
1371	0.596013668	0.446925265
1373	0.6018993	0.452246694
1375	0.609942125	0.459118699
1377	0.619668447	0.464961412
1379	0.630458181	0.467962683
1382	0.634559972	0.466880887
1384	0.632257832	0.462280936
1386	0.622073139	0.455089469
1388	0.610770596	0.451393089
1390	0.597195121	0.449609743
1392	0.580183523	0.452506257
1394	0.566862667	0.461351323
1396	0.556144529	0.475143163
1399	0.551544182	0.490884482
1401	0.550754284	0.50922484
1403	0.551914008	0.527222032
1405	0.555939986	0.544200557
1407	0.5607117	0.558103573
1409	0.567937984	0.56954238
1411	0.576187607	0.573814461
1413	0.58555987	0.572306237
1416	0.602023017	0.568563883
1418	0.621797543	0.560824118
1420	0.646837474	0.55327073
1422	0.676045949	0.547315848
1424	0.707042081	0.546086453
1426	0.734800797	0.552579062
1428	0.758981709	0.572960948
1430	0.779522226	0.61383976
1433	0.793130329	0.67307773
1435	0.79777905	0.744000454
1437	0.798036725	0.82084047
1439	0.792263893	0.889411739
1441	0.782584208	0.944839303
1443	0.771272469	0.976598175
1445	0.753386111	0.979875546
1447	0.729021249	0.953961358
1449	0.703252266	0.902752471
1452	0.67213445	0.831463762
1454	0.637655384	0.744579195
1456	0.596885528	0.644568679
1458	0.560512134	0.543551364
1460	0.524868361	0.446331289
1462	0.496620495	0.36455182
1464	0.472008361	0.29875953
1466	0.455335127	0.251441211
1468	0.443403944	0.220114978
1471	0.432678535	0.198573589
1473	0.422671284	0.184106353
1475	0.413476835	0.173401241
1477	0.404106367	0.164362957
1479	0.395717866	0.157538506
1481	0.382944003	0.150679371
1483	0.370633275	0.144480426
1485	0.356958887	0.138056059
1487	0.346893364	0.132603425
1490	0.335196612	0.126742886
1492	0.325202558	0.121306881
1494	0.319095137	0.117345776
1496	0.314560397	0.113176446
1498	0.315619257	0.111159596
1500	0.318271334	0.110362007
1502	0.320837675	0.109753687
1504	0.324043454	0.10940363
1506	0.329998444	0.111893095
1508	0.336480803	0.114617097
1511	0.34392341	0.117864535
1513	0.352997936	0.121353675
1515	0.362029593	0.124786155
1517	0.372446489	0.128308197
1519	0.383152341	0.132170312
1521	0.396222175	0.136003569
1523	0.409164709	0.139502096
1525	0.422432856	0.143111772
1527	0.438580173	0.148218375
1529	0.456716351	0.15327628
1532	0.477022436	0.158737643
1534	0.496166434	0.163471349
1536	0.516042282	0.169348788
1538	0.535053946	0.174833567
1540	0.548754039	0.179791086
1542	0.560265953	0.184028872
1544	0.567213027	0.186670648
1546	0.567020141	0.187878961
1548	0.568144065	0.188302195
1550	0.573673946	0.189408377
1552	0.580755462	0.189726085
1555	0.598176219	0.192493002
1557	0.62234018	0.197533992
1559	0.656295168	0.205351146
1561	0.697025125	0.216813536
1563	0.744726959	0.232046713
1565	0.793466492	0.249365527
1567	0.832860026	0.266942068
1569	0.860510707	0.282086765
1571	0.867960792	0.291003351
1573	0.849189951	0.290299756
1575	0.814943565	0.283181368
1577	0.764062298	0.268040232
1580	0.711598196	0.249237174
1582	0.663283269	0.22984024
1584	0.627374609	0.213644038
1586	0.604427163	0.201976208
1588	0.591759924	0.194755266
1590	0.581011243	0.190071997
1592	0.572479661	0.186271112
1594	0.558772456	0.181242956
1596	0.546717383	0.177505102
1598	0.533742027	0.173131282
1600	0.523176314	0.168741765
1602	0.514637467	0.165281473
1605	0.505885104	0.162247691
1607	0.501669657	0.161093999
1609	0.495621364	0.15886087
1611	0.48575443	0.156463553
1613	0.480505046	0.154447618
1615	0.472818375	0.151796311
1617	0.470223016	0.15053412
1619	0.472411356	0.151142952
1621	0.476275192	0.151950029
1623	0.482036695	0.153572076
1625	0.486497465	0.155143913
1627	0.494592506	0.157814968
1629	0.501008062	0.159347093
1631	0.506680188	0.161531827
1634	0.516524552	0.164554883
1636	0.526710223	0.167209356
1638	0.537614234	0.170585205
1640	0.551843871	0.174727704
1642	0.560015464	0.177509459
1644	0.566666973	0.179230736
1646	0.566119011	0.179351945
1648	0.562345335	0.178599246
1650	0.557475738	0.177539292
1652	0.548045328	0.175610184
1654	0.534059972	0.173485469
1656	0.518137538	0.169993173
1658	0.496966793	0.166019995
1660	0.474926093	0.160580301
1662	0.448148467	0.15489755
1665	0.421225519	0.147760328
1667	0.391612455	0.141141878
1669	0.366060283	0.135158226
1671	0.346177784	0.130853061
1673	0.32602433	0.127316447
1675	0.303958496	0.12428722
1677	0.283205864	0.121202296
1679	0.262407805	0.118380997
1681	0.241720198	0.114874888
1683	0.2214858	0.111063866
1685	0.203123915	0.107150584
1687	0.184842657	0.10425145
1689	0.17046239	0.101803723
1691	0.158828758	0.101090337
1693	0.151505309	0.10342283
1695	0.142380086	0.107175655
1697	0.134785019	0.114719216
1700	0.131470976	0.129227678
1702	0.126791046	0.154138523
1704	0.123692447	0.1960794
1706	0.122320604	0.255434791
1708	0.119235736	0.329998821
1710	0.117256009	0.417762954
1712	0.114888135	0.512164283
1714	0.117172332	0.605563191
1716	0.115031119	0.686471516
1718	0.113694578	0.748954735
1720	0.11432673	0.788779128
1722	0.110348588	0.804787836
1724	0.108513461	0.800810742
1726	0.10702754	0.776424028
1728	0.104200739	0.736498941
1730	0.102662243	0.685847153
1732	0.099680775	0.625850547
1734	0.098781406	0.559234065
1736	0.096300347	0.487491876
1738	0.094329755	0.41308454
1740	0.092207428	0.338744642
1743	0.08794178	0.268431503
1745	0.085262677	0.205771923
1747	0.080252835	0.154166872
1749	0.076922285	0.114985781
1751	0.075344808	0.087816839
1753	0.073144553	0.069755068
1755	0.073047842	0.058857468
1757	0.074301111	0.051654329
1759	0.073982638	0.046559473
1761	0.071837161	0.041999339
1763	0.070819158	0.038740984
1765	0.070292978	0.035866715
1767	0.06556779	0.033449137
1769	0.064730913	0.03159769
1771	0.063934377	0.030388463
1773	0.063339126	0.029190889
1775	0.064642076	0.028623981
1777	0.064462127	0.027638103
1779	0.061334741	0.026297803
1781	0.057993639	0.024988652
1783	0.055381729	0.023581169
1785	0.052200121	0.022131639
1787	0.047142299	0.019997717
1789	0.042324008	0.018368516
1791	0.037603289	0.016861739
1793	0.035553075	0.016212342
1795	0.033560576	0.015530683
1798	0.031507744	0.015165379
1800	0.032413592	0.014588923
1802	0.034655557	0.014685296
1804	0.033504127	0.013869148
1806	0.03267581	0.013376864
1808	0.030436501	0.012240342
1810	0.027653886	0.011239628
1812	0.02639191	0.010733117
1814	0.025553546	0.01038331
1816	0.024473759	0.009850651
1818	0.025478466	0.009732392
1820	0.02830469	0.0094965
1822	0.030976353	0.009828881
1824	0.030529883	0.009660432
1826	0.030123931	0.009971022
1828	0.030761877	0.010406898
1830	0.03226527	0.010895259
1832	0.03380909	0.01187855
1834	0.034587578	0.012580626
1836	0.036270265	0.012966932
1838	0.038274356	0.013184793
1840	0.039322363	0.01352611
1842	0.041010316	0.014250448
1844	0.04284282	0.014887377
1846	0.04558093	0.016115365
1848	0.049768073	0.017251658
1850	0.054050753	0.018188454
1852	0.06178859	0.020107804
1854	0.066951886	0.022065258
1856	0.071851637	0.023255185
1858	0.075049172	0.024242246
1860	0.075516634	0.024874369
1862	0.077535541	0.025151249
1864	0.075500476	0.024247768
1866	0.072968799	0.023056694
1868	0.069607215	0.020976267
1870	0.066312704	0.018863508
1872	0.065707575	0.018039971
1874	0.061585431	0.016996795
1876	0.059805985	0.016295552
1878	0.057603558	0.015821023
1880	0.057816215	0.01586908
1882	0.05943734	0.016601811
1884	0.060492223	0.016643633
1886	0.061509675	0.017030708
1888	0.064452149	0.017406719
1890	0.06525987	0.017657899
1892	0.065975869	0.018581529
1894	0.065703095	0.019149177
1896	0.066513705	0.019971383
1898	0.066690451	0.02048318
1900	0.067515283	0.020642843
1902	0.067173001	0.020695134
1904	0.067020242	0.020233748
1906	0.065731483	0.019607368
1908	0.063490723	0.018957911
1910	0.061033617	0.018356582
1912	0.058028542	0.017754165
1914	0.056977994	0.01718068
1916	0.05591135	0.016610009
1918	0.056435671	0.016187439
1920	0.056504161	0.015903125
1922	0.055665828	0.015859963
1924	0.05472931	0.015443785
1926	0.055113602	0.015474393
1928	0.055035307	0.015759465
1930	0.054992377	0.015690372
1932	0.05365012	0.01527533
1934	0.052420628	0.014633153
1936	0.050730281	0.013878562
1938	0.051059057	0.013713884
1940	0.049709966	0.013953504
1942	0.048483753	0.013746095
1944	0.04727741	0.013212888
1946	0.048511276	0.014322035
1948	0.049230238	0.014737074
1950	0.050800834	0.014771291
1952	0.053060765	0.01550498
1954	0.054325042	0.015468809
1956	0.056254927	0.015546874
1958	0.058504085	0.015995352
1960	0.058375672	0.016198574
1962	0.058713186	0.016120023
1964	0.058460471	0.016212575
1966	0.057687081	0.016727686
1968	0.054708438	0.016763471
1970	0.05608742	0.016491913
1972	0.055648592	0.016394612
1974	0.054996882	0.016280633
1976	0.053396881	0.01589555
1978	0.053684325	0.016140398
1980	0.050944303	0.015759581
1982	0.050708912	0.015612805
1984	0.049289179	0.015629685
1986	0.049346532	0.015824062
1988	0.049407021	0.015971055
1990	0.049878104	0.016042903
1992	0.049998448	0.016025279
1994	0.051666348	0.016374606
1996	0.053379751	0.016600387
1998	0.056485694	0.01725184
2000	0.056138313	0.017019032
