421.63199	0.047259647
424.00201	0.047173969
426.37299	0.044124983
428.741	0.041076269
431.11099	0.038881131
433.478	0.037182093
435.84698	0.037362903
438.21301	0.038143612
440.57999	0.037252575
442.94501	0.036430988
445.311	0.036520638
447.67401	0.035688072
450.039	0.03450983
452.401	0.034058318
454.76501	0.033676255
457.12601	0.032510314
459.491	0.030675825
461.85001	0.028703248
464.21201	0.026581049
466.57001	0.02584286
468.92999	0.026211923
471.28799	0.02721546
473.646	0.028795825
476.00299	0.028669838
478.35999	0.02854412
480.715	0.028407132
483.07199	0.025456801
485.42499	0.02136516
487.78	0.019453147
490.13501	0.019951375
492.48901	0.01923912
494.84	0.018054372
497.19299	0.01786156
499.543	0.015916271
501.89499	0.014559325
504.24399	0.014597914
506.59399	0.01355282
508.944	0.012531026
511.293	0.011913106
513.63898	0.010995656
515.987	0.010401334
518.33197	0.0093460185
520.67902	0.0074722441
523.02301	0.0068210079
525.37097	0.0074268836
527.716	0.0071105468
530.05798	0.0050648344
532.40198	0.0040341155
534.74298	0.0042605526
537.08502	0.0038414868
539.427	0.0030536568
541.76801	0.0028426538
544.10699	0.0037273779
546.44702	0.0026981803
548.78497	0.0008851047
551.125	0.0010902213
553.46198	0.001941349
555.79901	0.0024006923
558.13397	0.0016841058
560.47101	0.0015212358
562.80701	0.0015431027
565.14203	0.0017151486
567.47498	0.0042859395
569.80902	0.0058422252
572.14203	0.0063032894
574.47498	0.0099702692
576.80603	0.014156414
579.13702	0.016705396
581.466	0.019070107
583.79901	0.022115376
586.12701	0.026556185
588.45599	0.031112557
590.78497	0.033778064
593.11102	0.037066534
595.43597	0.042603835
597.763	0.045788977
600.09003	0.047417644
602.41498	0.048550732
604.73901	0.046132486
607.06299	0.043333944
609.38702	0.044041105
611.71002	0.04517518
614.03101	0.04341517
616.35498	0.04130945
618.67499	0.040241789
620.99597	0.03962411
623.31403	0.039917618
625.63599	0.039680921
627.953	0.037830111
630.27197	0.035691246
632.59198	0.035236161
634.90698	0.035738438
637.224	0.036229413
639.54102	0.035763524
641.85602	0.032945544
644.16901	0.029066937
646.48602	0.026341656
648.79797	0.024896594
651.11102	0.023209617
653.42401	0.022399228
655.73602	0.021589084
658.047	0.019337784
660.35797	0.017386539
662.66699	0.016046677
664.97803	0.015491172
667.284	0.015593208
669.59198	0.016410401
671.90002	0.016951056
674.20697	0.016638637
676.51398	0.017733242
678.82098	0.018482158
681.12402	0.017709209
683.43103	0.01789356
685.73401	0.018216508
688.03998	0.017432705
690.341	0.016280154
692.64398	0.015577549
694.94598	0.015832251
697.24701	0.017124992
699.54797	0.018417956
701.849	0.018419657
704.14801	0.019067338
706.448	0.020407131
708.74402	0.02058251
711.04401	0.021519175
713.33801	0.023666842
715.63702	0.024949891
717.93103	0.024607271
720.229	0.024403246
722.52197	0.024729887
724.81799	0.023384742
727.10999	0.022812409
729.40503	0.025745776
731.69598	0.029152153
733.98798	0.032051373
736.28198	0.036530565
738.57098	0.042970296
740.86401	0.051220644
743.151	0.05944816
745.44299	0.062417708
747.72699	0.055885822
750.01801	0.044453394
752.30298	0.035892442
754.59198	0.031148529
756.87598	0.028249823
759.164	0.026227694
761.44897	0.023744533
763.73401	0.022414725
766.01801	0.024048643
768.302	0.025210001
770.58502	0.025864217
772.867	0.027014509
775.14697	0.026354641
777.42798	0.024622586
779.70801	0.024574289
781.98798	0.025610134
784.26801	0.026576988
786.54901	0.027013635
788.82501	0.02607831
791.10498	0.025189323
793.38	0.025730424
795.65802	0.027274968
797.92999	0.028081741
800.20801	0.029707408
802.48297	0.03317827
804.75702	0.036787737
807.03101	0.041884936
809.30402	0.04963452
811.57599	0.060359359
813.84998	0.072110668
816.12	0.085165225
818.39203	0.0991771
820.659	0.1119323
822.92999	0.12426104
825.19897	0.13225427
827.46802	0.13434377
829.73602	0.12933028
832.005	0.12112288
834.27002	0.11614442
836.53802	0.10925198
838.802	0.10154107
841.06702	0.099053979
843.33301	0.10002643
845.59497	0.10037641
847.86102	0.10162604
850.12299	0.10660043
852.38599	0.1128204
854.64697	0.11660752
856.90802	0.11577087
859.16699	0.11159038
861.42902	0.10607246
863.68799	0.1000935
865.94702	0.095717601
868.20502	0.095516168
870.46503	0.098797359
872.71997	0.099645697
874.97601	0.09920276
877.23199	0.10278438
879.48999	0.10711572
881.74298	0.10954465
883.99902	0.11271176
886.25201	0.11816227
888.50403	0.12491601
890.75598	0.13009018
893.01001	0.13228947
895.26099	0.13588427
897.51202	0.13966377
899.763	0.13851966
902.01202	0.13495423
904.26099	0.13310716
906.51001	0.13055687
908.758	0.12533152
911.00702	0.12007181
913.25403	0.11300191
915.49902	0.10595529
917.74402	0.10219523
919.992	0.099692248
922.23602	0.096117087
924.48199	0.090639494
926.72198	0.085196704
928.96698	0.08197961
931.20898	0.079004861
933.453	0.074519739
935.69202	0.07189133
937.935	0.072099775
940.17499	0.072389148
942.414	0.070314825
944.65503	0.067145236
946.89398	0.066800974
949.13202	0.068128943
951.367	0.067358457
953.60602	0.065850139
955.84198	0.065887198
958.07898	0.06616661
960.31201	0.06452053
962.547	0.06219431
964.78101	0.060537066
967.01599	0.059145231
969.24902	0.059713893
971.48102	0.060282759
973.71301	0.057150319
975.94397	0.05340692
978.17499	0.051612463
980.40698	0.049045622
982.63397	0.047666691
984.86499	0.047763936
987.09302	0.044851724
989.323	0.043092832
991.54797	0.044977993
993.77502	0.047486022
996.00098	0.051158875
998.229	0.053079177
1000.452	0.051367369
1002.678	0.049540441
1004.902	0.048486277
1007.127	0.048620015
1009.348	0.049169075
1011.572	0.049383909
1013.794	0.050936535
1016.017	0.053296551
1018.234	0.055806674
1020.456	0.05754438
1022.675	0.058244459
1024.896	0.060236227
1027.1121	0.061870717
1029.332	0.060080633
1031.549	0.059501495
1033.7679	0.063604198
1035.984	0.067499533
1038.199	0.072075404
1040.4139	0.083005123
1042.629	0.096068278
1044.845	0.10842822
1047.058	0.1205923
1049.2729	0.12817872
1051.483	0.13051865
1053.697	0.12854609
1055.908	0.12295295
1058.118	0.11433885
1060.328	0.1042489
1062.54	0.09585423
1064.7469	0.088209279
1066.957	0.083020635
1069.165	0.082179412
1071.374	0.082041785
1073.579	0.082031183
1075.787	0.082539648
1077.993	0.084374383
1080.198	0.091017805
1082.402	0.097557612
1084.608	0.10001557
1086.8101	0.10341927
1089.015	0.10956756
1091.217	0.11524325
1093.4189	0.11815165
1095.62	0.12031069
1097.823	0.1177652
1100.021	0.10664072
1102.222	0.094501667
1104.421	0.08355049
1106.6219	0.072968483
1108.8199	0.06882105
1111.019	0.070439368
1113.214	0.073245585
1115.412	0.077424176
1117.608	0.083021276
1119.803	0.086150885
1121.998	0.084495239
1124.194	0.080706507
1126.386	0.0767911
1128.5811	0.072587594
1130.7729	0.068591818
1132.967	0.068136275
1135.158	0.069860302
1137.349	0.067963719
1139.542	0.063184522
1141.731	0.058405492
1143.921	0.054041766
1146.109	0.050473858
1148.299	0.046721619
1150.4871	0.044341754
1152.676	0.043726332
1154.861	0.042822815
1157.048	0.04283043
1159.2321	0.044590943
1161.421	0.048127413
1163.605	0.050534006
1165.7889	0.05133795
1167.972	0.052049816
1170.155	0.051539548
1172.337	0.052217152
1174.52	0.053529136
1176.702	0.053711228
1178.884	0.054643027
1181.062	0.055229064
1183.244	0.055088792
1185.423	0.056355491
1187.603	0.057322554
1189.7791	0.055948965
1191.958	0.055117495
1194.135	0.056269553
1196.313	0.057871487
1198.489	0.058897033
1200.6639	0.05866586
1202.838	0.057754517
1205.0129	0.057708167
1207.188	0.058434561
1209.361	0.058803666
1211.533	0.060591266
1213.707	0.063543662
1215.879	0.064939521
1218.051	0.06603574
1220.22	0.068838745
1222.392	0.071538121
1224.561	0.074076228
1226.731	0.076429993
1228.8979	0.074874856
1231.069	0.070909873
1233.236	0.06932047
1235.403	0.069645412
1237.567	0.068217777
1239.736	0.065544926
1241.901	0.064682633
1244.066	0.065077394
1246.2321	0.063016176
1248.395	0.059813548
1250.558	0.058248501
1252.72	0.057018019
1254.884	0.056813959
1257.045	0.054845799
1259.2061	0.053431287
1261.368	0.056168161
1263.527	0.057901978
1265.686	0.058621209
1267.847	0.058994666
1270.0031	0.059091538
1272.162	0.062867001
1274.319	0.069202535
1276.478	0.074996255
1278.634	0.081724159
1280.791	0.086872466
1282.944	0.090026028
1285.1021	0.094886355
1287.254	0.100727
1289.407	0.10321222
1291.562	0.10107362
1293.714	0.09953478
1295.866	0.098780207
1298.019	0.097184017
1300.1689	0.09282051
1302.321	0.085920312
1304.469	0.079423852
1306.62	0.071440019
1308.7679	0.065704919
1310.918	0.06271439
1313.066	0.059308887
1315.212	0.05720656
1317.359	0.05641894
1319.507	0.057395734
1321.652	0.059744891
1323.799	0.06449268
1325.941	0.070001677
1328.088	0.073827274
1330.23	0.079325043
1332.374	0.08567626
1334.5179	0.089052603
1336.658	0.091644973
1338.803	0.097420081
1340.942	0.10218062
1343.084	0.10145246
1345.223	0.099386834
1347.364	0.097771086
1349.501	0.095186852
1351.642	0.093571402
1353.778	0.090606935
1355.9189	0.085993677
1358.053	0.082729705
1360.191	0.077424869
1362.326	0.072754398
1364.463	0.072477445
1366.595	0.073226906
1368.731	0.073572934
1370.864	0.073100381
1372.999	0.073504351
1375.129	0.075280674
1377.265	0.075811774
1379.394	0.076089337
1381.526	0.07647083
1383.657	0.074315608
1385.788	0.072091348
1387.915	0.071066469
1390.047	0.06977652
1392.174	0.071450219
1394.303	0.075142018
1396.428	0.078660995
1398.558	0.083356291
1400.684	0.088512972
1402.8101	0.09399268
1404.9351	0.10081014
1407.061	0.10972641
1409.1851	0.11972675
1411.308	0.12646392
1413.433	0.12947667
1415.557	0.13066763
1417.677	0.13123605
1419.8	0.13130878
1421.9189	0.12853345
1424.043	0.12557375
1426.1639	0.12444766
1428.282	0.12404818
1430.4	0.12528625
1432.52	0.130422
1434.64	0.14116202
1436.757	0.15618025
1438.874	0.16993019
1440.99	0.17676157
1443.1071	0.17846173
1445.222	0.17755598
1447.339	0.17179576
1449.451	0.16178069
1451.566	0.14928655
1453.681	0.13612373
1455.7939	0.12179641
1457.906	0.10541668
1460.019	0.091758445
1462.1281	0.07981848
1464.2419	0.068478271
1466.3521	0.060574487
1468.4611	0.054181423
1470.5699	0.047211938
1472.6801	0.040415552
1474.786	0.034610983
1476.897	0.030351723
1479.004	0.029344382
1481.111	0.028533209
1483.2159	0.02512766
1485.324	0.024374409
1487.427	0.023286892
1489.533	0.019558871
1491.636	0.01997067
1493.743	0.020682411
1495.844	0.018315468
1497.948	0.018923696
1500.05	0.021965131
1502.151	0.022308409
1504.252	0.021314204
1506.354	0.020008791
1508.453	0.017850203
1510.553	0.016406678
1512.651	0.016370088
1514.7531	0.017406024
1516.851	0.01893793
1518.948	0.021150308
1521.0439	0.022348076
1523.142	0.021827828
1525.24	0.021895802
1527.333	0.023382239
1529.429	0.023485065
1531.5229	0.022619402
1533.619	0.023621919
1535.712	0.024947437
1537.804	0.026353801
1539.896	0.026699426
1541.99	0.026284127
1544.0811	0.02694135
1546.173	0.026964488
1548.261	0.027033877
1550.353	0.028060483
1552.442	0.028233912
1554.532	0.028280621
1556.62	0.030449195
1558.707	0.033056073
1560.7939	0.033633601
1562.8831	0.033634692
1564.968	0.036403392
1567.056	0.041743662
1569.141	0.045977067
1571.225	0.04771987
1573.309	0.048932359
1575.394	0.047446687
1577.4771	0.041729208
1579.561	0.036945876
1581.6429	0.034860957
1583.7271	0.033894688
1585.807	0.032697916
1587.8879	0.03070562
1589.968	0.028724976
1592.049	0.026859773
1594.1281	0.026424551
1596.208	0.027430849
1598.286	0.027122717
1600.365	0.02681471
1602.442	0.027221754
1604.5179	0.027617389
1606.592	0.026825435
1608.67	0.023819624
1610.744	0.022059301
1612.821	0.022466956
1614.896	0.023532009
1616.97	0.02309813
1619.042	0.021280633
1621.1169	0.020881591
1623.1899	0.021347506
1625.26	0.021928851
1627.333	0.022498786
1629.403	0.021650508
1631.475	0.020883067
1633.5439	0.022641068
1635.613	0.024606749
1637.681	0.024669906
1639.749	0.024560217
1641.816	0.023839494
1643.885	0.023038175
1645.951	0.023367025
1648.019	0.024134178
1650.084	0.025697097
1652.149	0.025841799
1654.214	0.024245419
1656.2791	0.023317959
1658.343	0.023797421
1660.407	0.024530683
1662.468	0.023926444
1664.532	0.022780361
1666.593	0.020631183
1668.656	0.018608965
1670.7159	0.018097442
1672.776	0.018612305
1674.835	0.020268871
1676.896	0.020576408
1678.955	0.020549655
1681.012	0.020961197
1683.0699	0.020173617
1685.129	0.0198474
1687.187	0.01922149
1689.243	0.017211948
1691.298	0.016505541
1693.355	0.019177878
1695.4091	0.022438416
1697.463	0.024130831
1699.517	0.027772121
1701.572	0.033523727
1703.6219	0.039863534
1705.676	0.051173385
1707.728	0.067464806
1709.78	0.084355965
1711.8311	0.10469504
1713.881	0.12867808
1715.934	0.14806031
1717.981	0.16157328
1720.032	0.17087747
1722.08	0.17306708
1724.127	0.16888005
1726.174	0.16071489
1728.223	0.15100467
1730.267	0.13991082
1732.314	0.12686831
1734.361	0.11229227
1736.406	0.096839964
1738.45	0.083175093
1740.493	0.069302775
1742.537	0.053873863
1744.5811	0.041120291
1746.621	0.032494977
1748.667	0.026406635
1750.708	0.021471508
1752.748	0.017089982
1754.7889	0.016156379
1756.828	0.017160119
1758.868	0.015880803
1760.91	0.013967382
1762.946	0.010958602
1764.986	0.0084111728
1767.021	0.0085044848
1769.0601	0.008136658
1771.094	0.0079534389
1773.134	0.0075973608
1775.167	0.0066071721
1777.204	0.0072660442
1779.238	0.0072908085
1781.272	0.0063470602
1783.307	0.0054264832
1785.34	0.0031914571
1787.373	0.0018674943
1789.4041	0.003841548
1791.438	0.0060809273
1793.469	0.0052992445
1795.499	0.0047136904
1797.5291	0.006745819
1799.562	0.006414168
1801.589	0.0031421669
1803.618	0.0018536256
1805.646	0.0022026205
1807.677	0.0029091858
1809.702	0.0027740719
1811.73	0.0013591005
1813.755	0.001858405
1815.782	0.0030496826
1817.807	0.0020616737
1819.832	0.0010507023
1821.856	0.0020001305
1823.881	0.0039182808
1825.905	0.0053752847
1827.927	0.0050219963
1829.951	0.00305445
1831.973	0.0028627985
1833.993	0.0046315403
1836.015	0.0041056857
1838.035	0.0025306002
1840.057	0.0017397327
1842.075	0.00093742972
1844.095	0.0022569613
1846.114	0.0034612806
1848.131	0.0037547334
1850.149	0.0045902561
1852.168	0.004791663
1854.182	0.0056965672
1856.202	0.0059097055
1858.215	0.0057193418
1860.23	0.0064400393
1862.2469	0.0063651968
1864.261	0.0067516891
1866.2729	0.007311244
1868.2889	0.005668452
1870.3	0.0039335061
1872.314	0.0037323027
1874.326	0.0037156946
1876.337	0.0047254493
1878.347	0.0065655434
1880.358	0.0066529997
1882.3669	0.005956436
1884.3781	0.0072317966
1886.385	0.0091760606
1888.397	0.0097366879
1890.403	0.0077836099
1892.411	0.0053578503
1894.4189	0.0058034505
1896.426	0.0065028314
1898.433	0.0059799994
1900.437	0.0063682203
1902.444	0.0063414187
1904.448	0.0054959971
1906.452	0.0056192842
1908.4561	0.0067920024
1910.459	0.0078494996
1912.4611	0.0069122026
1914.465	0.005190888
1916.467	0.0061218296
1918.468	0.0070182658
1920.469	0.0053779399
1922.469	0.0043719206
1924.469	0.004461458
1926.47	0.0055427672
1928.467	0.0059668878
1930.467	0.0049842987
1932.463	0.0054777893
1934.462	0.0068131508
1936.459	0.0065688402
1938.457	0.0038569479
1940.451	0.0021598833
1942.448	0.0048447507
1944.442	0.0081523946
1946.438	0.0085658059
1948.4301	0.0070305439
1950.427	0.0055299741
1952.4189	0.004871265
1954.413	0.0043048877
1956.403	0.0051338696
1958.397	0.0071621835
1960.386	0.0073110089
1962.379	0.0061453707
1964.3669	0.0051297266
1966.359	0.0047368594
1968.348	0.0049206386
1970.337	0.0038130139
1972.326	0.0032128473
1974.313	0.0043885699
1976.303	0.0055182641
1978.29	0.0057716784
1980.278	0.0042032483
1982.262	0.0033382981
1984.248	0.004237711
1986.235	0.0047682216
1988.219	0.0049990006
1990.203	0.0052413945
1992.187	0.0058989995
1994.17	0.0052997945
1996.153	0.0046430193
1998.135	0.0070766862
2000.119	0.0084265135
2002.099	0.0064669782
2004.0811	0.0058105472
2006.0601	0.0063073128
2008.04	0.0055703297
2010.019	0.0058481763
2011.998	0.0062760161
2013.9771	0.0068307924
2015.957	0.0090230759
2017.933	0.0095664803
2019.911	0.0074347439
2021.8879	0.0054529989
2023.864	0.0068153702
2025.84	0.010403338
2027.8149	0.011696689
2029.79	0.010764615
2031.765	0.0086679719
2033.7371	0.0060409773
2035.712	0.0050053732
2037.6851	0.0069910148
2039.657	0.00965707
2041.629	0.0095211472
2043.603	0.0087280339
2045.572	0.010148969
2047.543	0.011016493
2049.5129	0.0094740894
2051.4819	0.0076896129
2053.4519	0.0076118396
2055.4221	0.0095405681
2057.3889	0.0096013201
2059.3569	0.0089126276
2061.324	0.0091003943
2063.293	0.0081812507
2065.2571	0.0071468609
2067.2229	0.0063777715
2069.189	0.0070155808
2071.156	0.0083684055
2073.1201	0.0093177119
2075.085	0.0099903429
2077.0471	0.0099711847
2079.012	0.0098829241
2080.9741	0.0097601432
2082.9351	0.0093722204
2084.8979	0.0092150141
2086.8601	0.01025713
2088.821	0.012544678
2090.78	0.012699036
2092.741	0.011827211
2094.7009	0.012189293
2096.658	0.011190766
2098.6169	0.010745827
2100.5769	0.011534809
2102.5339	0.01198945
2104.49	0.012882348
2106.447	0.012656812
2108.405	0.011174462
2110.3589	0.010810701
2112.3159	0.011450225
2114.2681	0.011582452
2116.2241	0.011299644
2118.178	0.010613324
2120.1311	0.01010004
2122.084	0.0098751215
2124.0391	0.0095464988
2125.988	0.010428707
2127.9409	0.010941998
2129.8911	0.010198476
2131.843	0.010861835
2133.7939	0.012712979
2135.7429	0.01274226
2137.6909	0.011157249
2139.6399	0.010667785
2141.5891	0.010339839
2143.5371	0.0090202875
2145.4851	0.008346553
2147.4319	0.0088721272
2149.3779	0.010354862
2151.325	0.011295707
2153.269	0.010345516
2155.2161	0.010410151
2157.1609	0.011478066
2159.105	0.010989336
2161.0471	0.010235465
2162.9929	0.010992266
2164.936	0.011979755
2166.877	0.01235615
2168.8191	0.012594244
2170.759	0.012059826
2172.7019	0.012044393
2174.6411	0.013274396
2176.583	0.013743414
2178.521	0.012517422
2180.4619	0.012813617
2182.3999	0.013109888
2184.3401	0.011826459
2186.2759	0.012353482
2188.2141	0.013065078
2190.1509	0.013396223
2192.0879	0.014027249
2194.0239	0.014439254
2195.96	0.015116533
2197.8921	0.01541335
2199.8291	0.014003637
2201.761	0.013931607
2203.696	0.015347168
2205.6289	0.013926138
2207.562	0.012989478
2209.4929	0.014336061
2211.427	0.014587259
2213.3569	0.013696939
2215.2891	0.014259611
2217.219	0.015110634
2219.1499	0.014624107
2221.0779	0.014206835
2223.009	0.013362988
2224.937	0.013510883
2226.865	0.015319321
2228.792	0.015859408
2230.7209	0.015500143
2232.647	0.015325437
2234.574	0.015381414
2236.498	0.015483586
2238.426	0.01551665
2240.3501	0.016806677
2242.2759	0.016563119
2244.199	0.014520773
2246.125	0.015557325
2248.0491	0.015982782
2249.97	0.014528708
2251.8921	0.016418735
2253.814	0.019081436
2255.738	0.019057449
2257.657	0.017788144
2259.5779	0.017095458
2261.4971	0.016437436
2263.417	0.0167135
2265.335	0.017289447
2267.2561	0.016942976
2269.1731	0.017715091
2271.093	0.017092003
2273.01	0.015719449
2274.927	0.016895333
2276.842	0.019097554
2278.759	0.020158257
2280.6731	0.018486138
2282.5891	0.016744906
2284.5039	0.017690504
2286.4189	0.018048074
2288.333	0.017275659
2290.2471	0.017137513
2292.1589	0.0167688
2294.072	0.016192589
2295.9829	0.015408879
2297.895	0.015351696
2299.8049	0.016747508
2301.718	0.017497648
2303.627	0.017901903
2305.5371	0.018848181
2307.446	0.017211545
2309.355	0.016036211
2311.262	0.018147327
2313.1731	0.020235457
2315.0791	0.020732339
2316.9871	0.019937782
2318.8921	0.018543664
2320.7991	0.017414829
2322.7041	0.018165641
2324.6111	0.018178521
2326.5149	0.017142123
2328.4199	0.018239053
2330.325	0.018471204
2332.2261	0.015958978
2334.1289	0.014876689
2336.033	0.016492767
2337.9351	0.01742856
2339.8359	0.015792966
2341.74	0.014157446
2343.6399	0.013628966
2345.541	0.013711687
2347.4399	0.015224318
2349.3379	0.017440408
2351.238	0.018630303
2353.137	0.01735259
2355.0339	0.014472098
2356.9331	0.014439874
2358.8311	0.017255904
2360.7271	0.017339086
2362.6221	0.01677659
2364.521	0.017205849
2366.415	0.017116256
2368.311	0.017914599
2370.2029	0.017859703
2372.1001	0.015798461
2373.9929	0.015720632
2375.887	0.016553804
2377.7771	0.014780991
2379.6721	0.015003142
2381.563	0.015859561
2383.4551	0.013971612
2385.345	0.014286174
2387.2371	0.015004387
2389.126	0.013462549
2391.0171	0.014065561
2392.905	0.015302841
2394.7949	0.015640751
2396.6831	0.016751304
2398.571	0.016628072
2400.458	0.016055183
2402.3459	0.017212028
2404.2319	0.018149836
2406.1189	0.01742721
2408.0039	0.016370235
2409.8899	0.016893093
2411.7759	0.017162323
2413.6599	0.01559814
2415.543	0.016616978
2417.426	0.018961966
2419.311	0.018389644
2421.1931	0.017875018
2423.075	0.017568003
2424.958	0.017849136
2426.8379	0.019202713
2428.72	0.01834237
2430.6001	0.017493613
2432.481	0.018155489
2434.3601	0.018598322
2436.239	0.019133465
2438.1201	0.01961101
2439.9961	0.018474234
2441.876	0.017752629
2443.751	0.019637112
2445.6289	0.020587629
2447.5049	0.020165995
2449.3811	0.021024378
2451.2581	0.021214006
2453.1321	0.018832233
2455.0081	0.017638227
2456.8821	0.019845953
2458.7549	0.021246547
2460.6299	0.020248726
2462.502	0.018755114
2464.376	0.018253228
2466.2461	0.017751392
2468.1201	0.017007453
2469.989	0.017335968
2471.863	0.017653007
2473.731	0.018050801
2475.6021	0.017872088
2477.4709	0.018200811
2479.342	0.019209916
2481.208	0.01929657
2483.0791	0.019648504
2484.9451	0.01873205
2486.813	0.016650997
2488.6799	0.017718017
2490.5481	0.020641601
2492.4131	0.022734985
2494.28	0.024413288
2496.1431	0.02416593
2498.009	0.023365146
2499.875	0.022956479
2501.738	0.021348594
2503.6001	0.020432619
2505.4641	0.021477014
2507.3279	0.022037154
2509.189	0.021536447
2511.0491	0.021312535
2512.9121	0.02055827
2514.7739	0.020599704
2516.634	0.02276291
2518.4951	0.022954328
2520.353	0.020851081
2522.2129	0.019751094
2524.0701	0.019746626
2525.9309	0.020376438
2527.7891	0.021825003
2529.646	0.023319714
2531.502	0.02311939
2533.3589	0.021962032
2535.2141	0.021254437
2537.0701	0.021331014
2538.926	0.021868905
2540.783	0.02246449
2542.635	0.023013972
2544.49	0.022629486
2546.344	0.022164339
2548.197	0.022195065
2550.0491	0.022871574
2551.9009	0.02354813
2553.7529	0.021930043
2555.605	0.020438844
2557.4551	0.021184733
2559.3069	0.021849951
2561.156	0.021304436
2563.0061	0.020851213
2564.855	0.020986132
2566.7051	0.02154775
2568.552	0.023354767
2570.4009	0.024988871
2572.249	0.024155356
2574.0959	0.022122635
2575.9419	0.02149676
2577.79	0.022865837
2579.636	0.025353473
2581.481	0.025742467
2583.3259	0.023456274
2585.1699	0.023487898
2587.0161	0.025641307
2588.8589	0.025649948
2590.7009	0.025035931
2592.5439	0.0255751
2594.3879	0.02479976
2596.228	0.023055835
2598.071	0.023975661
2599.9121	0.026556021
2601.7539	0.026023004
2603.593	0.02379494
2605.4331	0.023976924
2607.272	0.024585621
2609.113	0.024560152
2610.95	0.024304084
2612.7891	0.023817437
2614.626	0.024149546
2616.4641	0.024066573
2618.3	0.023706896
2620.1379	0.024558047
2621.9741	0.024567451
2623.8091	0.022858739
2625.6431	0.023560086
2627.48	0.024676617
2629.314	0.023567669
2631.1479	0.02342736
2632.98	0.022641351
2634.8149	0.021520989
2636.646	0.021888183
2638.48	0.022808924
2640.312	0.024905872
2642.1411	0.025768997
2643.9719	0.024314424
2645.8049	0.024289776
2647.6331	0.025533579
2649.4651	0.02690427
2651.293	0.028874611
2653.1221	0.028469566
2654.95	0.025274022
2656.7781	0.02302409
2658.6079	0.024533367
2660.4351	0.027876107
2662.259	0.029546849
2664.0869	0.029880047
2665.9131	0.028126145
2667.738	0.027214035
2669.562	0.029588349
2671.3889	0.030002447
2673.2151	0.028744539
2675.0349	0.028731992
2676.8589	0.029330647
2678.6819	0.030759623
2680.5071	0.032292414
2682.3269	0.03278742
2684.1509	0.033005726
2685.9709	0.034480967
2687.7939	0.035610292
2689.6111	0.035182927
2691.4309	0.034813263
2693.251	0.033947825
2695.071	0.032621183
2696.8899	0.034823105
2698.709	0.038916178
2700.5271	0.040403239
2702.345	0.041302238
2704.1599	0.042835474
2705.979	0.044703174
2707.7939	0.046674684
2709.6101	0.047885165
2711.425	0.049706832
2713.24	0.052485615
2715.053	0.053154238
2716.8689	0.052888885
2718.6819	0.055079702
2720.4961	0.057132181
2722.3091	0.056532539
2724.1221	0.054941241
2725.9331	0.054664526
2727.7471	0.056601837
2729.5569	0.05828549
2731.3679	0.059196573
2733.177	0.05828578
2734.989	0.054411538
2736.7981	0.05202483
2738.6069	0.05174835
2740.415	0.051379662
2742.2251	0.049569637
2744.0339	0.048693661
2745.8401	0.048936211
2747.646	0.045315854
2749.4541	0.041407287
2751.262	0.041638445
2753.0669	0.043207221
2754.8711	0.042619694
2756.677	0.039887428
2758.4819	0.037305094
2760.2849	0.036463987
2762.0891	0.036476221
2763.8921	0.036430851
2765.697	0.036835231
2767.498	0.036109574
2769.301	0.034945764
2771.1021	0.034058738
2772.9041	0.032560591
2774.7041	0.032446221
2776.5061	0.033715632
2778.3059	0.03398186
2780.106	0.034075134
2781.9041	0.034064665
2783.7041	0.032128524
2785.501	0.030688252
2787.3	0.03176181
2789.0969	0.032973774
2790.895	0.033286333
2792.6899	0.03327604
2794.4871	0.032746889
2796.283	0.033832148
2798.0801	0.036497205
2799.875	0.037870798
2801.6699	0.038910013
2803.4641	0.040445093
2805.2581	0.041253723
2807.0491	0.042050846
2808.843	0.043758973
2810.635	0.047185302
2812.4299	0.049850613
2814.2209	0.049690802
2816.0129	0.050142162
2817.803	0.050939489
2819.595	0.053282026
2821.384	0.057573345
2823.1731	0.060284916
2824.9629	0.062765919
2826.7529	0.066238649
2828.543	0.070230283
2830.3279	0.075375035
2832.116	0.080162361
2833.9041	0.084142573
2835.6931	0.089322045
2837.4771	0.094386198
2839.2629	0.098181963
2841.0491	0.10251975
2842.8359	0.10782617
2844.6201	0.11262525
2846.405	0.11865819
2848.189	0.12796599
2849.9719	0.13934943
2851.7549	0.15205899
2853.54	0.16804343
2855.3201	0.18576908
2857.103	0.20482086
2858.884	0.22817379
2860.666	0.25030443
2862.447	0.26862985
2864.228	0.28400329
2866.0061	0.2918815
2867.7881	0.29135355
2869.5649	0.28868079
2871.345	0.2880491
2873.123	0.28791329
2874.9021	0.28738546
2876.679	0.28745723
2878.4561	0.29030806
2880.2319	0.29664132
2882.01	0.30680293
2883.7849	0.32065457
2885.5601	0.33623588
2887.335	0.34801194
2889.1111	0.35826594
2890.885	0.37715676
2892.658	0.40190548
2894.4331	0.42506292
2896.2051	0.44788596
2897.978	0.47732788
2899.751	0.51538366
2901.521	0.56099236
2903.2939	0.61236662
2905.0649	0.66850334
2906.8369	0.72830695
2908.605	0.78518164
2910.375	0.84232157
2912.147	0.89984214
2913.9141	0.95329213
2915.6809	1.0112509
2917.4519	1.0684487
2919.22	1.11257
2920.9871	1.142416
2922.7549	1.150122
2924.52	1.1314448
2926.2871	1.0926919
2928.053	1.036135
2929.8181	0.97131008
2931.583	0.91033667
2933.3479	0.85463309
2935.1121	0.80694366
2936.877	0.77053177
2938.6389	0.74589312
2940.4031	0.72435641
2942.165	0.70141292
2943.928	0.68376225
2945.689	0.67093164
2947.4509	0.65665966
2949.2109	0.63935494
2950.9719	0.62211949
2952.7339	0.60486108
2954.4929	0.58693379
2956.251	0.56869519
2958.012	0.55155206
2959.769	0.53448969
2961.5281	0.52035624
2963.2849	0.51431769
2965.0439	0.51329529
2966.7991	0.51440603
2968.5569	0.5152517
2970.313	0.51177317
2972.0691	0.50039577
2973.825	0.48519009
2975.5801	0.46974233
2977.334	0.45191908
2979.0891	0.42988703
2980.844	0.40543348
2982.5959	0.38253659
2984.3491	0.35788703
2986.1021	0.3322458
2987.856	0.30573976
2989.606	0.27676609
2991.3579	0.25201279
2993.1069	0.23092644
2994.8601	0.20845637
2996.6079	0.1869088
2998.3579	0.16811721
3000.1079	0.15180488
3001.8589	0.13966683
3003.606	0.12948908
3005.356	0.11770853
3007.1021	0.10706957
3008.8501	0.09933646
3010.5959	0.091718711
3012.344	0.085207969
3014.0891	0.081245638
3015.8369	0.07619939
3017.5801	0.069965445
3019.3269	0.066326044
3021.071	0.063251689
3022.8159	0.059577726
3024.5601	0.058163892
3026.303	0.058375958
3028.0459	0.05720431
3029.7891	0.053714927
3031.532	0.050617624
3033.2739	0.049584404
3035.0139	0.049323786
3036.7571	0.047102895
3038.4951	0.045666136
3040.238	0.047446609
3041.978	0.04620593
3043.7161	0.041863363
3045.4561	0.041233864
3047.1951	0.041734435
3048.9319	0.039409883
3050.6721	0.038388379
3052.407	0.038900521
3054.146	0.037717614
3055.8821	0.035519987
3057.6189	0.034602337
3059.356	0.033234991
3061.0901	0.030207165
3062.8269	0.029704686
3064.561	0.030712795
3066.2949	0.029495399
3068.0291	0.027263304
3069.7649	0.025873004
3071.4961	0.027446197
3073.229	0.029030941
3074.9619	0.026545228
3076.6951	0.023748187
3078.426	0.023753233
3080.1589	0.023931254
3081.8879	0.023947839
3083.6189	0.025186747
3085.3491	0.024107914
3087.0779	0.021691479
3088.8081	0.022434616
3090.5381	0.023535224
3092.2639	0.022560216
3093.9939	0.021516059
3095.7209	0.021613507
3097.449	0.022391306
3099.176	0.022950033
3100.9031	0.023543354
3102.6279	0.023225727
3104.355	0.022020228
3106.0801	0.021575805
3107.8059	0.020831589
3109.531	0.021667147
3111.2539	0.023944097
3112.978	0.022519568
3114.7019	0.020472394
3116.426	0.021238832
3118.1479	0.021440241
3119.8701	0.020373233
3121.592	0.019617582
3123.313	0.018688982
3125.0349	0.017841117
3126.7549	0.018584574
3128.4771	0.019766232
3130.196	0.020555833
3131.916	0.0213685
3133.634	0.021316338
3135.353	0.020272538
3137.074	0.020508735
3138.792	0.020848701
3140.509	0.019389797
3142.2261	0.019891204
3143.9431	0.021372778
3145.6589	0.02039822
3147.375	0.020369247
3149.092	0.021885471
3150.8069	0.021556703
3152.521	0.019821132
3154.2351	0.019296356
3155.95	0.020213014
3157.665	0.020599252
3159.3779	0.020939361
3161.0911	0.020322388
3162.803	0.018702218
3164.5161	0.018500406
3166.228	0.018990478
3167.9399	0.019157683
3169.6509	0.01885213
3171.363	0.019884186
3173.0701	0.02165422
3174.781	0.021221833
3176.49	0.02015527
3178.2009	0.021037489
3179.9089	0.022334838
3181.6189	0.021268308
3183.3259	0.020386277
3185.0339	0.021994984
3186.741	0.023419201
3188.447	0.023402032
3190.1541	0.021758998
3191.8611	0.021395927
3193.5649	0.023373676
3195.271	0.023840865
3196.9761	0.022785969
3198.6819	0.021373617
3200.385	0.020745384