423.992	219.16721
426.362	245.73927
428.733	268.54242
431.10101	287.11346
433.47101	301.18814
435.83801	308.91333
438.20599	310.94138
440.57199	311.13837
442.94	310.36557
445.30399	303.84875
447.67099	287.19943
450.034	262.06406
452.39899	234.25607
454.76099	209.14342
457.125	190.88208
459.48599	184.42805
461.85001	195.15665
464.20999	223.74307
466.57101	260.89462
468.92999	289.88373
471.29001	297.33224
473.647	283.44415
476.00601	262.33167
478.362	250.30032
480.72	252.17928
483.07501	259.59653
485.431	261.85754
487.785	257.5929
490.14001	254.84534
492.495	258.77838
494.849	265.29105
497.20001	271.0752
499.55301	278.8338
501.90302	287.04892
504.254	288.92422
506.603	285.53549
508.95401	285.92859
511.30301	292.07745
513.65198	294.42792
515.99902	283.82495
518.34698	261.92764
520.69202	239.09698
523.039	227.01027
525.383	234.80193
527.72998	264.33936
530.07501	303.23749
532.41803	329.32794
534.76099	328.15549
537.10199	302.45383
539.44501	264.21964
541.78699	224.11916
544.12799	190.56314
546.46698	172.66118
548.80701	175.48131
551.14398	191.98892
553.48499	207.69473
555.82098	214.36757
558.159	212.01532
560.49402	199.63872
562.83099	175.2796
565.16699	146.82303
567.50201	132.19705
569.83398	141.65152
572.16901	165.88535
574.50201	189.94647
576.83502	211.38799
579.16498	233.40424
581.49701	250.41473
583.82599	255.08131
586.159	250.20967
588.48602	242.88412
590.81598	236.27991
593.14502	232.8046
595.47101	236.60762
597.79602	248.55455
600.12299	260.38297
602.44897	256.73041
604.77502	228.74475
607.09802	185.91638
609.42297	149.21796
611.74701	133.98541
614.07001	141.08313
616.39099	159.19865
618.71503	174.5596
621.03497	181.66028
623.35602	182.63643
625.67401	177.55902
627.99597	164.16891
630.31299	146.15256
632.63202	130.15665
634.95203	116.64542
637.26703	106.03714
639.58398	107.73018
641.90002	127.95576
644.216	155.44139
646.52899	173.45462
648.84497	181.09209
651.15698	191.97185
653.47101	213.16415
655.78302	231.94145
658.09497	228.2374
660.40698	200.07275
662.71802	169.03183
665.026	156.94
667.33801	165.34799
669.64301	182.26318
671.95203	199.36282
674.26001	215.98059
676.56702	232.58447
678.87402	245.69046
681.17999	248.39639
683.48401	237.20605
685.79102	218.11151
688.09302	201.38428
690.39899	191.16319
692.70099	185.11929
695.00299	181.96432
697.30499	182.90602
699.60699	188.41501
701.90802	201.57843
704.20801	231.08893
706.508	280.21033
708.80701	335.85193
711.104	378.98633
713.40399	402.78345
715.69702	413.68719
717.99597	420.02533
720.29102	424.29962
722.58801	423.18414
724.88098	415.36166
727.17798	410.24152
729.46997	422.84338
731.76501	458.49548
734.05603	507.46906
736.34802	553.78149
738.64203	586.45721
740.93103	604.60114
743.22302	612.0592
745.51099	607.09125
747.802	584.14746
750.08698	548.24982
752.37701	517.05811
754.66302	502.81628
756.95203	500.96289
759.23602	501.73053
761.52399	503.64368
763.80902	509.11758
766.09399	515.94159
768.37799	520.36481
770.66101	522.68903
772.94397	527.56561
775.22699	541.33344
777.50598	563.08905
779.78802	577.914
782.06799	571.88708
784.34802	553.43292
786.62799	544.07727
788.90802	550.29407
791.185	561.16669
793.46399	570.65027
795.73999	585.62872
798.01801	612.15955
800.28998	645.30096
802.56799	674.43726
804.84198	693.35858
807.117	704.94305
809.39001	719.73376
811.66302	749.41895
813.93597	798.19501
816.21002	860.36206
818.479	926.27319
820.75201	987.24286
823.01801	1036.3846
825.28998	1071.9617
827.55902	1100.3479
829.828	1131.0181
832.09497	1169.6875
834.36499	1217.9159
836.63	1273.8577
838.89801	1329.4271
841.16101	1372.1631
843.427	1395.0015
845.69299	1400.6318
847.95502	1394.9575
850.21997	1383.8585
852.48297	1377.6104
854.745	1387.3871
857.00702	1411.8052
859.26801	1434.8496
861.52698	1442.9528
863.78802	1438.0146
866.04797	1428.5939
868.30701	1416.4478
870.565	1400.3549
872.82397	1386.2264
875.08002	1382.2225
877.336	1387.052
879.59198	1392.2808
881.849	1394.2478
884.10199	1396.7532
886.35797	1403.3574
888.612	1412.2885
890.86298	1418.4852
893.11603	1417.3176
895.37	1406.8149
897.62097	1389.3438
899.87201	1372.9738
902.12201	1369.2019
904.37201	1382.731
906.62097	1402.6244
908.87	1413.255
911.11798	1414.7002
913.367	1419.4681
915.61401	1429.354
917.85797	1429.2013
920.104	1404.022
922.35101	1355.4709
924.59601	1304.4154
926.84198	1278.0922
929.08099	1288.4113
931.32599	1321.8875
933.56897	1352.2217
935.81201	1360.7316
938.052	1346.3044
940.29401	1321.687
942.534	1302.9612
944.77399	1300.2333
947.01501	1314.9843
949.25299	1342.4275
951.49103	1372.1049
953.72699	1389.4143
955.96503	1385.3271
958.20099	1363.9705
960.43903	1335.8445
962.672	1308.1956
964.90698	1284.9229
967.14099	1268.2859
969.37598	1255.9817
971.60901	1240.2913
973.841	1213.3523
976.073	1174.2577
978.30402	1134.592
980.534	1120.2283
982.76599	1162.1094
984.99402	1274.6504
987.22498	1441.8234
989.453	1630.4282
991.68298	1813.3972
993.90802	1971.246
996.13501	2077.9722
998.36102	2104.7344
1000.588	2046.5686
1002.811	1940.2795
1005.038	1843.918
1007.262	1790.0995
1009.487	1765.3674
1011.708	1742.002
1013.932	1715.666
1016.154	1698.8395
1018.377	1696.3458
1020.593	1706.8732
1022.815	1731.9784
1025.035	1765.3761
1027.256	1786.9457
1029.472	1780.905
1031.692	1751.9778
1033.9091	1720.455
1036.127	1708.4586
1038.344	1726.7988
1040.559	1767.0535
1042.774	1810.7616
1044.989	1849.4246
1047.204	1890.2747
1049.418	1943.6768
1051.6331	2010.2855
1053.843	2079.1848
1056.056	2136.9041
1058.2679	2179.4399
1060.478	2214.3713
1062.688	2252.3867
1064.9	2300.1826
1067.1071	2357.5439
1069.317	2415.71
1071.525	2462.2505
1073.734	2490.7012
1075.939	2501.3193
1078.147	2492.9788
1080.353	2461.0293
1082.558	2403.3816
1084.762	2324.2471
1086.968	2233.084
1089.17	2142.647
1091.374	2065.6992
1093.577	2010.9265
1095.7791	1980.4752
1097.98	1969.3728
1100.182	1969.9124
1102.381	1979.6716
1104.582	2001.0107
1106.781	2032.324
1108.9821	2066.7935
1111.1801	2098.5789
1113.379	2123.7627
1115.574	2136.6411
1117.772	2128.8413
1119.968	2092.478
1122.163	2027.0331
1124.358	1947.7339
1126.554	1883.9329
1128.745	1859.2549
1130.9399	1872.3805
1133.1331	1905.7607
1135.327	1951.2523
1137.5179	2015.5333
1139.709	2100.2981
1141.901	2189.1968
1144.0909	2258.6545
1146.28	2292.6174
1148.469	2281.0654
1150.6591	2213.8149
1152.847	2088.4106
1155.036	1923.6223
1157.22	1755.6255
1159.408	1614.8485
1161.592	1508.2334
1163.78	1425.7626
1165.965	1358.1682
1168.1479	1303.8167
1170.332	1265.3025
1172.514	1245.8147
1174.697	1244.8218
1176.88	1254.1089
1179.061	1262.0846
1181.244	1262.9495
1183.422	1258.6243
1185.603	1253.847
1187.782	1253.3667
1189.963	1262.8447
1192.1379	1288.5963
1194.318	1332.6897
1196.494	1388.3015
1198.673	1444.0795
1200.848	1492.4644
1203.024	1529.6946
1205.198	1552.1877
1207.3719	1559.7483
1209.548	1559.292
1211.7209	1560.5408
1213.8929	1569.3199
1216.067	1586.0083
1218.238	1607.658
1220.411	1630.0422
1222.58	1651.2783
1224.751	1676.9471
1226.921	1716.9178
1229.0909	1771.3407
1231.257	1824.3416
1233.429	1857.9781
1235.5959	1870.3535
1237.7629	1877.2361
1239.927	1898.6445
1242.0959	1944.4893
1244.261	2007.9685
1246.425	2070.7585
1248.5909	2118.2656
1250.755	2149.3074
1252.917	2170.3035
1255.08	2187.5662
1257.243	2205.947
1259.405	2225.2285
1261.5649	2237.9963
1263.7271	2237.5044
1265.887	2225.2559
1268.046	2210.2283
1270.207	2205.1279
1272.363	2220.2405
1274.522	2257.7781
1276.679	2317.124
1278.837	2403.1814
1280.993	2519.7056
1283.151	2657.9243
1285.304	2803.176
1287.462	2948.2915
1289.614	3086.748
1291.767	3195.6697
1293.921	3242.4722
1296.074	3213.2715
1298.225	3125.187
1300.3781	3008.6172
1302.5291	2885.5903
1304.681	2764.7356
1306.829	2648.0256
1308.98	2538.8208
1311.1281	2442.7563
1313.278	2360.3115
1315.425	2285.0527
1317.572	2212.9443
1319.719	2145.532
1321.866	2083.5393
1324.012	2029.2285
1326.158	1993.75
1328.301	1987.6631
1330.448	2002.8535
1332.59	2013.9874
1334.734	1999.6488
1336.8781	1957.1774
1339.0179	1898.4277
1341.163	1838.1121
1343.302	1786.6597
1345.443	1747.6246
1347.583	1719.5487
1349.724	1701.1115
1351.86	1690.9652
1354.002	1682.6812
1356.1379	1667.3579
1358.278	1642.3611
1360.413	1611.3419
1362.551	1577.1023
1364.686	1541.5544
1366.823	1509.5186
1368.955	1482.4429
1371.0909	1451.7412
1373.224	1411.7015
1375.359	1374.8787
1377.489	1358.304
1379.624	1359.1005
1381.754	1360.3999
1383.886	1356.3861
1386.016	1356.5607
1388.1479	1367.9619
1390.275	1384.8135
1392.407	1398.4016
1394.533	1410.7937
1396.663	1433.1145
1398.788	1473.7827
1400.918	1533.1492
1403.0439	1604.7863
1405.1689	1679.2585
1407.2939	1752.0767
1409.421	1830.0647
1411.5439	1932.4841
1413.668	2088.9934
1415.792	2325.4663
1417.917	2642.3186
1420.037	3014.5542
1422.16	3411.2192
1424.2791	3799.3386
1426.403	4134.1235
1428.524	4368.2539
1430.641	4480.2236
1432.76	4488.8584
1434.88	4435.9199
1437	4354.4551
1439.1169	4254.4414
1441.233	4132.7275
1443.35	3985.9656
1445.467	3813.6753
1447.582	3617.6104
1449.698	3399.3584
1451.811	3157.2832
1453.926	2892.8691
1456.041	2622.2534
1458.153	2371.6899
1460.265	2154.8223
1462.379	1960.4531
1464.488	1772.1179
1466.6021	1594.448
1468.712	1446.4023
1470.821	1334.7117
1472.9301	1251.8824
1475.04	1194.8285
1477.146	1166.8466
1479.257	1163.4377
1481.364	1171.7135
1483.47	1184.6929
1485.576	1205.1343
1487.683	1235.1482
1489.786	1273.2468
1491.892	1323.7504
1493.996	1398.8335
1496.103	1505.3746
1498.204	1633.1476
1500.308	1757.4844
1502.41	1851.498
1504.511	1898.1135
1506.6121	1894.313
1508.714	1845.0624
1510.813	1757.2883
1512.912	1643.1887
1515.011	1521.7861
1517.113	1408.7122
1519.21	1308.4218
1521.308	1219.4802
1523.4041	1140.8308
1525.502	1073.1627
1527.599	1020.5729
1529.693	987.59937
1531.7889	972.90405
1533.8831	973.11005
1535.979	989.32788
1538.072	1019.1406
1540.1639	1048.1022
1542.256	1061.6749
1544.349	1061.387
1546.441	1060.3381
1548.533	1067.2427
1550.621	1079.9648
1552.712	1091.1019
1554.801	1099.1929
1556.892	1114.1226
1558.98	1144.9723
1561.067	1185.0088
1563.1541	1219.4838
1565.2419	1244.2876
1567.328	1265.5063
1569.415	1285.1812
1571.5	1296.356
1573.585	1288.2078
1575.6689	1253.6023
1577.754	1197.4907
1579.837	1136.6407
1581.921	1087.0377
1584.0031	1057.3196
1586.0861	1053.8457
1588.167	1077.4053
1590.248	1112.2695
1592.327	1133.5984
1594.4091	1131.4739
1596.488	1117.4995
1598.568	1104.1599
1600.646	1089.7883
1602.725	1070.1777
1604.802	1052.0199
1606.8781	1044.2109
1608.952	1043.7633
1611.0291	1039.5232
1613.104	1026.923
1615.1801	1013.4022
1617.256	1009.32
1619.329	1018.734
1621.402	1043.3785
1623.476	1090.8149
1625.55	1169.8853
1627.62	1278.5396
1629.692	1404.6208
1631.7629	1544.8416
1633.834	1717.363
1635.9041	1939.7002
1637.972	2189.9487
1640.041	2404.051
1642.109	2518.9497
1644.176	2514.3149
1646.245	2415.1768
1648.311	2262.7183
1650.379	2085.7832
1652.444	1897.7322
1654.509	1710.7075
1656.573	1542.6367
1658.639	1410.7855
1660.702	1320.355
1662.767	1255.6804
1664.828	1186.5674
1666.891	1094.0725
1668.953	990.21783
1671.015	904.46765
1673.076	851.60223
1675.136	819.95764
1677.1949	788.79834
1679.256	747.94757
1681.314	700.31543
1683.3719	652.74945
1685.4301	608.42633
1687.488	568.43689
1689.547	535.45508
1691.6021	507.54071
1693.658	474.13916
1695.715	430.56873
1697.769	389.83136
1699.823	368.3587
1701.877	366.48074
1703.931	371.23163
1705.9821	373.5155
1708.036	375.43091
1710.087	381.43384
1712.14	390.37396
1714.191	400.43304
1716.241	414.90121
1718.2939	439.98859
1720.3409	483.06833
1722.391	549.45679
1724.439	631.43994
1726.4871	706.12903
1728.5341	753.64606
1730.582	773.51843
1732.627	780.57117
1734.674	790.5542
1736.7209	805.63293
1738.765	804.91382
1740.8101	758.60016
1742.853	663.69086
1744.896	556.10645
1746.941	478.07251
1748.981	442.42395
1751.026	432.23126
1753.067	424.11768
1755.108	407.37628
1757.1479	387.71002
1759.188	379.1528
1761.2271	390.68594
1763.27	413.98059
1765.306	425.93549
1767.3459	411.66214
1769.381	381.133
1771.42	355.13202
1773.454	342.71567
1775.493	339.26279
1777.527	336.48639
1779.564	328.60141
1781.598	314.29446
1783.632	294.16122
1785.667	268.35504
1787.7	241.80956
1789.7321	224.76204
1791.764	219.74554
1793.797	217.10179
1795.828	209.8269
1797.859	201.15039
1799.889	193.87701
1801.922	185.89078
1803.949	178.18393
1805.9771	175.2865
1808.005	176.62396
1810.037	174.80287
1812.062	163.60867
1814.09	146.54546
1816.115	136.48221
1818.142	143.02133
1820.167	159.48503
1822.192	167.44852
1824.2159	156.2438
1826.241	133.86694
1828.264	117.8316
1830.287	120.1564
1832.311	139.83366
1834.333	163.15059
1836.3521	173.27698
1838.375	165.3679
1840.395	150.8667
1842.417	145.20419
1844.434	153.8658
1846.455	170.02335
1848.473	181.20799
1850.491	178.80257
1852.509	167.38908
1854.527	163.78592
1856.542	180.36613
1858.561	212.97842
1860.575	248.37671
1862.59	275.18695
1864.606	288.97742
1866.62	296.32034
1868.632	308.69025
1870.649	328.11835
1872.66	348.04828
1874.674	365.02405
1876.6851	378.76941
1878.696	387.35254
1880.707	387.69812
1882.717	375.20938
1884.7271	347.90384
1886.738	315.00714
1888.745	290.20291
1890.757	276.27353
1892.7629	267.6106
1894.77	261.94836
1896.7791	260.3287
1898.785	264.18436
1900.793	277.9588
1902.797	304.96066
1904.803	337.2915
1906.808	358.6954
1908.812	360.31592
1910.8149	346.7829
1912.819	325.73096
1914.821	299.78503
1916.825	270.89542
1918.827	244.7137
1920.828	226.94406
1922.828	217.81882
1924.829	211.92184
1926.828	204.82141
1928.829	199.0195
1930.826	198.18799
1932.826	196.06415
1934.823	181.65765
1936.822	158.30353
1938.819	144.10052
1940.817	147.84276
1942.811	158.89647
1944.808	166.76056
1946.801	174.67607
1948.798	187.34993
1950.79	200.64542
1952.787	209.93474
1954.778	216.54414
1956.7729	221.98055
1958.7629	225.07983
1960.757	226.84004
1962.746	231.2699
1964.739	239.51097
1966.7271	246.11789
1968.719	243.06235
1970.708	229.16962
1972.697	213.95242
1974.6851	204.85011
1976.673	193.18384
1978.662	166.28171
1980.649	130.07849
1982.6379	103.26774
1984.6219	94.492043
1986.6071	101.06372
1988.594	122.29513
1990.579	157.05449
1992.563	191.673
1994.547	206.28253
1996.53	197.22188
1998.5129	183.15694
2000.495	183.58185
2002.479	197.31409
2004.458	206.33908
2006.441	197.24869
2008.42	175.95012
2010.399	161.74203
2012.379	167.03738
2014.358	183.99141
2016.337	193.48212
2018.316	186.26541
2020.292	173.34816
2022.271	176.45984
2024.248	207.26941
2026.224	254.06703
2028.2	290.42987
2030.175	297.41946
2032.15	276.88831
2034.124	245.51205
2036.0959	218.29547
2038.072	200.12523
2040.045	191.76901
2042.017	194.07555
2043.989	202.47751
2045.962	207.96027
2047.932	208.26698
2049.9021	209.77263
2051.873	215.49565
2053.842	219.42621
2055.811	216.22156
2057.782	209.15228
2059.749	204.14523
2061.7161	201.56854
2063.6841	196.39771
2065.6521	183.19133
2067.6169	162.87129
2069.583	147.25583
2071.5491	151.84102
2073.5161	179.90237
2075.48	216.65884
2077.4441	242.58403
2079.406	251.3067
2081.3711	250.97034
2083.334	249.31027
2085.2949	245.12636
2087.2581	236.30927
2089.22	226.41766
2091.1799	218.4642
2093.1389	211.11487
2095.1011	206.2065
2097.0601	212.50284
2099.0181	236.7558
2100.9761	274.435
2102.936	311.18896
2104.894	332.72476
2106.8501	335.35986
2108.8059	327.70844
2110.7639	320.245
2112.719	315.12689
2114.676	307.91382
2116.627	295.22186
2118.583	279.12411
2120.5371	266.43005
2122.491	262.40829
2124.4441	265.12933
2126.3989	268.96924
2128.3469	271.56183
2130.301	275.05728
2132.25	282.97308
2134.2029	294.92252
2136.1531	302.97894
2138.103	297.42673
2140.051	278.28922
2142	257.84265
2143.948	249.59383
2145.897	255.94504
2147.844	267.29288
2149.791	271.40979
2151.738	262.29288
2153.6841	241.55344
2155.6289	216.2383
2157.5759	199.28302
2159.52	205.30391
2161.4651	234.31464
2163.407	265.03976
2165.3521	277.82889
2167.2959	276.47403
2169.2361	274.81512
2171.179	274.08154
2173.1189	266.54474
2175.062	250.48294
2177.001	230.45383
2178.9431	208.47696
2180.8811	183.35999
2182.822	160.53552
2184.759	155.52502
2186.7	177.89198
2188.636	215.14716
2190.574	241.9585
2192.511	243.27716
2194.448	225.44984
2196.384	208.27744
2198.3201	205.72388
2200.252	213.83299
2202.188	219.24139
2204.1211	213.91284
2206.0549	199.96646
2207.989	188.83884
2209.9221	193.70486
2211.853	213.76086
2213.7871	231.60449
2215.717	233.08432
2217.6479	223.17107
2219.5791	217.73579
2221.51	225.37131
2223.438	241.7749
2225.3689	258.96808
2227.2959	275.08746
2229.2251	294.78641
2231.1521	321.22308
2233.0811	346.74225
2235.0071	354.7356
2236.9331	336.35635
2238.8579	301.32318
2240.7859	266.6478
2242.71	242.69739
2244.636	234.94173
2246.5591	245.95016
2248.4851	268.76474
2250.4089	289.38367
2252.3301	300.12912
2254.251	303.65045
2256.1741	305.09003
2258.0969	307.04364
2260.0171	309.08954
2261.938	307.35962
2263.8569	299.49152
2265.7771	291.33475
2267.6951	291.47906
2269.616	301.61102
2271.533	319.87912
2273.4529	346.5246
2275.3689	376.52216
2277.2871	394.30731
2279.2019	387.59979
2281.1189	363.36633
2283.033	340.32947
2284.949	326.90234
2286.864	316.01944
2288.7791	302.32538
2290.6931	293.2431
2292.6069	298.03146
2294.519	314.70313
2296.4319	332.67303
2298.343	341.31625
2300.2549	332.66974
2302.165	303.29214
2304.0779	260.38464
2305.9871	222.59279
2307.897	206.54651
2309.8049	211.95084
2311.7151	223.62405
2313.6221	226.43237
2315.532	217.034
2317.439	204.6956
2319.3459	200.69748
2321.252	204.80814
2323.1589	205.99435
2325.063	199.23164
2326.9709	194.67041
2328.875	204.25998
2330.78	225.22108
2332.6841	243.61333
2334.585	250.41415
2336.489	247.89201
2338.3921	241.85841
2340.2949	233.82805
2342.196	224.16521
2344.0991	219.08479
2345.999	226.34854
2347.8999	244.24649
2349.7991	262.79324
2351.698	274.52588
2353.5979	278.06152
2355.4971	275.41196
2357.394	269.99219
2359.293	264.02783
2361.1909	258.79532
2363.0869	258.50458
2364.9819	269.09402
2366.8799	291.50705
2368.7749	317.603
2370.6709	334.19348
2372.563	334.25302
2374.459	322.45154
2376.3521	306.7803
2378.2461	291.82031
2380.137	284.49438
2382.031	294.57501
2383.9231	320.26431
2385.8149	343.28891
2387.7051	348.22009
2389.5969	338.4856
2391.4861	326.45941
2393.376	318.14252
2395.2649	314.21167
2397.155	316.17075
2399.042	324.43088
2400.9309	334.76944
2402.8181	339.97452
2404.7061	335.60956
2406.592	326.20486
2408.479	325.04849
2410.364	344.57309
2412.25	383.15656
2414.136	418.91223
2416.019	422.5549
2417.9031	385.27502
2419.7849	330.95148
2421.6709	293.65155
2423.553	285.63904
2425.4351	292.16196
2427.3169	293.76816
2429.198	285.57483
2431.0801	273.86511
2432.96	265.26019
2434.8411	267.0686
2436.72	287.21716
2438.5979	322.84351
2440.48	356.69177
2442.356	371.93774
2444.2361	365.07074
2446.1111	344.97354
2447.989	327.18228
2449.865	324.90588
2451.741	337.31329
2453.6169	349.47388
2455.4919	347.32803
2457.3679	331.44025
2459.2419	317.07715
2461.115	319.10492
2462.989	336.00693
2464.8621	355.30954
2466.7361	369.83701
2468.606	376.07956
2470.48	366.83307
2472.3491	341.71277
2474.2229	315.73038
2476.0911	304.55002
2477.9619	307.7439
2479.8311	314.42136
2481.7009	319.30313
2483.5681	325.41168
2485.439	335.46088
2487.3049	350.21436
2489.1731	373.27277
2491.04	406.67413
2492.907	440.10602
2494.7729	454.85352
2496.6399	445.09631
2498.5029	428.73187
2500.3689	428.42038
2502.2339	444.41083
2504.0979	454.83121
2505.959	444.36404
2507.824	423.276
2509.687	410.90491
2511.5491	411.06915
2513.4089	417.40839
2515.271	431.28101
2517.134	455.45459
2518.9939	478.67715
2520.855	483.68213
2522.7119	465.73517
2524.573	434.46313
2526.4299	404.3837
2528.291	389.03973
2530.1479	396.22626
2532.0049	421.99103
2533.8621	452.01184
2535.718	472.53571
2537.574	479.98553
2539.4299	480.50388
2541.2859	482.11612
2543.1421	486.59473
2544.9951	487.22192
2546.8501	476.42252
2548.7029	457.63983
2550.5559	446.47937
2552.4089	454.63449
2554.261	474.22235
2556.1121	487.35626
2557.9651	490.79596
2559.814	497.74167
2561.666	515.65137
2563.5161	537.6618
2565.366	555.9917
2567.2151	570.97986
2569.0649	586.37836
2570.9121	603.65491
2572.761	620.86218
2574.6079	633.39386
2576.4551	638.21564
2578.302	638.67236
2580.1499	640.31958
2581.9951	642.60071
2583.8411	640.64856
2585.6851	633.70233
2587.53	627.0697
2589.375	627.98602
2591.219	642.0304
2593.061	669.72809
2594.9031	702.8537
2596.7471	728.13855
2598.5879	740.19983
2600.4309	746.37939
2602.272	753.5835
2604.114	758.97815
2605.9529	761.68628
2607.792	772.80463
2609.6321	801.11255
2611.4719	835.35406
2613.3091	852.84375
2615.1489	845.1402
2616.9851	828.466
2618.824	825.45203
2620.6589	839.42834
2622.498	855.12256
2624.334	864.49457
2626.1689	877.62048
2628.0029	903.96423
2629.8391	936.28076
2631.6741	958.00647
2633.5081	958.90607
2635.3401	942.81934
2637.1741	924.43964
2639.0049	915.92139
2640.8391	914.90222
2642.6709	911.94458
2644.501	910.51245
2646.332	927.17114
2648.1641	964.67657
2649.9929	996.92615
2651.824	994.9502
2653.6521	962.27307
2655.481	929.93091
2657.3101	918.89063
2659.1379	921.98425
2660.967	924.6394
2662.7949	930.47119
2664.6179	955.94458
2666.446	1001.1758
2668.2729	1038.2499
2670.0979	1039.5232
2671.9221	1012.2653
2673.748	991.32288
2675.574	998.12158
2677.395	1020.8254
2679.219	1037.2286
2681.042	1042.1523
2682.866	1044.4542
2684.687	1050.4396
2686.511	1062.382
2688.3311	1084.9355
2690.1531	1121.6804
2691.9709	1169.0707
2693.791	1220.7716
2695.6111	1275.043
2697.4309	1333.1309
2699.25	1393.9998
2701.0681	1453.0455
2702.887	1500.4359
2704.7041	1523.9014
2706.52	1524.6248
2708.3391	1525.0806
2710.1541	1546.257
2711.97	1578.9938
2713.7839	1589.5264
2715.6001	1555.7777
2717.4131	1491.5291
2719.229	1430.2717
2721.042	1390.9597
2722.855	1366.4902
2724.6689	1339.6821
2726.4819	1300.8826
2728.293	1252.7461
2730.106	1205.8147
2731.916	1169.5551
2733.728	1144.597
2735.5371	1124.8802
2737.3491	1107.0784
2739.157	1093.7334
2740.967	1087.572
2742.7749	1085.686
2744.585	1078.012
2746.394	1054.5908
2748.2	1020.1225
2750.0061	993.59644
2751.813	985.14661
2753.6221	984.97107
2755.426	983.35699
2757.231	985.52209
2759.0359	996.32672
2760.842	1005.8276
2762.645	1002.3889
2764.449	989.7793
2766.252	980.39905
2768.0569	979.68188
2769.8579	986.46448
2771.6609	1000.6328
2773.4619	1022.9866
2775.2639	1052.681
2777.064	1085.8295
2778.866	1115.3861
2780.665	1136.2843
2782.4661	1148.4919
2784.2639	1154.5188
2786.063	1161.8561
2787.8611	1183.1747
2789.6599	1221.4971
2791.4561	1260.7676
2793.2539	1283.6873
2795.05	1293.9849
2796.8469	1311.1945
2798.6421	1350.161
2800.4399	1413.5756
2802.2339	1494.8738
2804.03	1581.3329
2805.823	1664.4041
2807.6179	1752.6978
2809.4089	1867.6943
2811.2029	2024.0139
2812.9951	2220.7068
2814.7891	2456.5393
2816.5801	2746.8306
2818.373	3115.313
2820.1631	3577.6145
2821.9541	4152.0723
2823.7439	4883.7129
2825.533	5832.8999
2827.323	7027.8931
2829.113	8429.5957
2830.9021	9930.1523
2832.688	11369.314
2834.4751	12568.966
2836.2629	13393.539
2838.053	13802.18
2839.8369	13850.808
2841.623	13652.255
2843.4089	13328.672
2845.1951	12977.027
2846.98	12656.889
2848.7649	12400.759
2850.5491	12235.934
2852.332	12196.956
2854.114	12306.354
2855.8999	12537.189
2857.6799	12815.156
2859.4629	13076.699
2861.2439	13313.402
2863.0259	13554.383
2864.8059	13829.164
2866.5879	14151.409
2868.366	14511.336
2870.1479	14876.096
2871.925	15212.357
2873.7051	15509.19
2875.4829	15769.936
2877.262	15988.266
2879.0391	16146.33
2880.8159	16233.816
2882.592	16256.834
2884.3689	16232.483
2886.145	16183.297
2887.9199	16127.375
2889.6951	16066.825
2891.47	15994.729
2893.2439	15914.464
2895.0181	15843.668
2896.792	15799.902
2898.5649	15787.928
2900.3379	15799.908
2902.1111	15824.842
2903.8811	15859.156
2905.6541	15910.676
2907.4241	15989.634
2909.196	16091.457
2910.9651	16189.457
2912.7339	16248.006
2914.5071	16243.223
2916.2739	16168.494
2918.041	16016.893
2919.812	15761.219
2921.5791	15362.119
2923.3459	14800.236
2925.115	14096.771
2926.8799	13305.239
2928.647	12489.275
2930.4131	11706.508
2932.178	11002.465
2933.9431	10404.78
2935.707	9916.7656
2937.4709	9521.3262
2939.2371	9193.6816
2940.998	8910.0586
2942.7629	8649.9551
2944.5249	8397.6133
2946.2871	8143.3271
2948.0491	7881.1948
2949.8101	7603.1973
2951.571	7297.875
2953.332	6962.4375
2955.093	6615.1353
2956.853	6283.9517
2958.6111	5982.5723
2960.3711	5707.9517
2962.1279	5457.6108
2963.8879	5234.251
2965.644	5031.481
2967.4031	4828.2471
2969.1589	4607.4946
2970.917	4376.4697
2972.6731	4161.8716
2974.429	3988.6086
2976.1841	3865.8481
2977.939	3784.4431
2979.6941	3722.6362
2981.448	3661.668
2983.2041	3599.1008
2984.9561	3543.2324
2986.709	3497.9131
2988.4609	3456.9707
2990.2151	3407.106
2991.9661	3331.2554
2993.717	3214.835
2995.467	3055.1838
2997.219	2864.4316
2998.968	2661.1755
3000.718	2462.0469
3002.468	2281.6389
3004.218	2131.2383
3005.9661	2011.8636
3007.7161	1914.72
3009.4619	1830.1888
3011.21	1750.7794
3012.9561	1668.7114
3014.7041	1578.8658
3016.449	1483.6556
3018.197	1391.9176
3019.939	1314.8589
3021.686	1262.8235
3023.4309	1238.735
3025.176	1230.5006
3026.9199	1217.5098
3028.6621	1191.8262
3030.406	1166.3794
3032.1489	1155.2448
3033.8911	1154.1812
3035.634	1149.6844
3037.374	1138.7213
3039.1169	1128.7694
3040.855	1125.8689
3042.5969	1131.5521
3044.3379	1143.526
3046.0759	1154.9281
3047.8159	1161.36
3049.5549	1166.0747
3051.292	1168.9734
3053.032	1158.5504
3054.7671	1125.4434
3056.5061	1076.9785
3058.2419	1029.2379
3059.979	988.70789
3061.7151	948.69885
3063.45	901.77441
3065.187	848.67163
3066.9209	795.02246
3068.6541	746.23816
3070.3889	707.20337
3072.125	680.93091
3073.855	664.60034
3075.5891	650.9256
3077.322	635.62158
3079.0549	620.59351
3080.7849	609.08923
3082.519	601.03455
3084.2471	594.99976
3085.978	593.24487
3087.709	600.48474
3089.438	613.99475
