423.98801	-1.7645134
426.35699	55.929768
428.728	103.57635
431.09698	134.14548
433.466	145.42227
435.83401	139.91838
438.202	123.09145
440.56799	100.95903
442.935	78.440598
445.29999	58.86467
447.66599	44.036549
450.03	34.35656
452.39499	29.207117
454.75699	27.908613
457.12	30.862679
459.48099	39.860764
461.84601	56.81176
464.20599	81.669434
466.56699	111.75963
468.92599	143.72495
471.28601	176.31918
473.64301	211.02156
476.00201	249.80846
478.358	292.39331
480.716	335.32706
483.07101	373.2442
485.427	400.99033
487.78101	415.25754
490.13599	415.05652
492.48999	401.31247
494.84399	376.35318
497.19601	343.5816
499.548	307.09351
501.89899	271.27014
504.25	240.51195
506.599	218.60565
508.94901	207.26764
511.29901	204.9693
513.64801	207.83237
515.995	212.35294
518.34302	217.3293
520.68799	222.99048
523.03497	228.44032
525.37903	230.49434
527.72601	225.55521
530.07098	212.84334
532.41302	195.54346
534.75702	178.28738
537.09802	163.25766
539.44098	148.90405
541.78198	132.63176
544.12402	114.70139
546.46198	99.507431
548.802	93.097839
551.14001	99.093033
553.48102	116.11438
555.81702	138.25487
558.15503	158.05148
560.48999	170.45326
562.82599	175.83195
565.16199	179.72403
567.49799	188.56966
569.83002	204.48511
572.164	223.79958
574.49799	240.67212
576.83099	252.20956
579.16101	260.59857
581.49298	271.12387
583.82202	288.57367
586.15399	315.09378
588.48199	350.02927
590.81097	389.98862
593.14001	428.42651
595.466	456.62872
597.79199	467.38965
600.11902	459.07623
602.44501	436.54648
604.771	408.49036
607.09399	383.80588
609.41901	369.08948
611.742	367.20941
614.06598	376.53833
616.38702	391.53848
618.711	405.43066
621.03003	413.76404
623.35101	416.26178
625.66998	415.84937
627.992	416.63492
630.30902	422.82745
632.62701	438.07971
634.94702	463.80902
637.263	497.39954
639.58002	532.94489
641.896	564.95258
644.21198	591.86719
646.52502	616.24664
648.841	641.83875
651.15302	670.29175
653.466	699.73456
655.77899	725.78955
658.091	744.27502
660.40302	753.85028
662.71399	756.75977
665.02197	757.38037
667.33398	759.93732
669.63898	766.70367
671.948	777.3028
674.25598	789.70496
676.56299	802.5929
678.87	816.69067
681.17603	833.13708
683.47998	850.93768
685.78699	867.21814
688.08899	880.1969
690.39502	891.1311
692.69598	903.3728
694.99902	920.56818
697.30103	945.98901
699.60303	982.12714
701.90399	1029.2249
704.20398	1084.0927
706.50403	1141.7051
708.80298	1198.8419
711.09998	1255.5266
713.40002	1312.0677
715.69299	1365.1863
717.992	1408.1614
720.28601	1435.2771
722.58398	1446.7977
724.87701	1451.4841
727.17401	1465.9753
729.466	1510.9851
731.76099	1604.6027
734.052	1754.3787
736.34399	1951.0576
738.63702	2167.0183
740.92603	2361.6111
743.21899	2492.8818
745.50702	2531.498
747.79797	2471.0781
750.08301	2330.6101
752.37299	2147.6399
754.65802	1964.5359
756.94702	1813.9601
759.23199	1710.6803
761.52002	1652.7524
763.80499	1628.9294
766.08899	1626.4818
768.37402	1635.6969
770.65698	1650.7537
772.94	1668.4514
775.22198	1686.2771
777.50201	1700.8668
779.78302	1707.8762
782.06403	1703.9366
784.34399	1689.6143
786.62299	1670.4575
788.90399	1654.4341
791.17999	1647.8002
793.46002	1653.0281
795.73499	1669.8469
798.01398	1697.3009
800.28601	1734.4026
802.56299	1779.1193
804.83801	1827.7042
807.112	1876.2742
809.38599	1923.3865
811.659	1970.1244
813.93201	2017.0908
816.20599	2062.4392
818.47498	2104.1206
820.74799	2143.3745
823.01398	2184.0066
825.28601	2227.2991
827.55499	2268.5596
829.823	2300.1338
832.091	2318.4692
834.35999	2328.0889
836.625	2338.3611
838.89301	2356.1465
841.15698	2381.061
843.422	2406.6777
845.68903	2424.7939
847.95099	2428.1067
850.216	2410.6533
852.479	2369.1343
854.74103	2306.5444
857.00299	2234.8689
859.26398	2172.4795
861.52197	2136.4585
863.784	2135.3247
866.04401	2167.2734
868.302	2223.6177
870.56097	2293.2412
872.82001	2365.2695
875.07501	2430.4514
877.33197	2482.6003
879.58801	2519.9519
881.84497	2545.3516
884.09802	2565.042
886.354	2586.8975
888.60797	2618.5974
890.85901	2665.4985
893.112	2728.4912
895.36499	2803.1658
897.617	2881.2009
899.86798	2953.415
902.11798	3013.0098
904.36798	3057.4326
906.617	3087.8367
908.86499	3106.5947
911.11298	3114.9219
913.36298	3112.4148
915.60999	3098.4258
917.854	3073.8462
920.09998	3042.0483
922.34698	3008.3843
924.59198	2978.22
926.83801	2954.425
929.07703	2936.2429
931.32202	2920.9099
933.56403	2906.7173
935.80798	2894.2817
938.047	2884.8972
940.28998	2878.7083
942.53003	2875.4272
944.77002	2876.5115
947.01099	2885.8394
949.24902	2907.8643
951.487	2944.4155
953.72198	2992.1001
955.961	3042.4731
958.19702	3085.833
960.435	3116.2275
962.66803	3133.7202
964.90198	3142.6716
967.13599	3148.4114
969.37201	3155.0955
971.604	3165.2891
973.83698	3180.0728
976.06799	3198.8965
978.29999	3219.9739
980.53003	3242.4402
982.76202	3269.4824
984.98999	3309.1401
987.21997	3370.0703
989.44897	3453.9146
991.67798	3549.877
993.90399	3636.2595
996.13	3688.6382
998.35699	3690.1187
1000.584	3638.7976
1002.807	3549.4795
1005.034	3448.6519
1007.257	3364.2432
1009.483	3314.8594
1011.704	3304.1956
1013.928	3323.425
1016.149	3359.6072
1018.372	3404.322
1020.589	3456.04
1022.811	3514.5017
1025.03	3573.7446
1027.251	3622.9634
1029.468	3655.2461
1031.687	3673.6787
1033.905	3687.1936
1036.123	3701.7019
1038.339	3717.292
1040.5551	3733.084
1042.77	3751.5552
1044.984	3776.5701
1047.2	3808.5991
1049.413	3843.8164
1051.6281	3878.1897
1053.839	3911.4963
1056.052	3946.6143
1058.2629	3985.4302
1060.474	4026.832
1062.684	4069.0332
1064.895	4112.2124
1067.1021	4157.3696
1069.313	4203.5078
1071.52	4247.8164
1073.73	4288.415
1075.934	4325.0801
1078.1429	4356.9009
1080.348	4380.9014
1082.553	4394.1753
1084.7581	4396.9619
1086.964	4393.0386
1089.165	4387.1572
1091.37	4381.8486
1093.572	4375.9629
1095.774	4366.3394
1097.975	4352.1694
1100.178	4339.084
1102.376	4339.4512
1104.578	4368.0469
1106.777	4435.6338
1108.9771	4543.8677
1111.175	4683.1694
1113.375	4833.1484
1115.5699	4965.229
1117.7679	5048.2451
1119.964	5056.9385
1122.1591	4980.4185
1124.353	4826.4331
1126.549	4619.1953
1128.741	4391.458
1130.936	4174.0142
1133.129	3987.3635
1135.322	3839.2075
1137.514	3727.5049
1139.705	3645.416
1141.897	3584.6707
1144.087	3536.8115
1146.276	3494.084
1148.465	3451.2761
1150.655	3407.438
1152.842	3365.5635
1155.031	3330.0847
1157.2159	3303.5532
1159.4041	3283.6985
1161.587	3262.2761
1163.776	3227.563
1165.96	3170.2329
1168.144	3089.0103
1170.327	2992.3438
1172.51	2895.2327
1174.692	2813.0098
1176.876	2755.4392
1179.057	2724.6589
1181.239	2717.7246
1183.418	2730.5925
1185.599	2760.127
1187.778	2804.123
1189.958	2860.9331
1192.134	2928.7314
1194.313	3004.1357
1196.49	3081.7424
1198.668	3156.0186
1200.844	3224.3757
1203.019	3288.9656
1205.194	3355.584
1207.368	3429.4749
1209.543	3510.3076
1211.7159	3591.0486
1213.889	3662.9626
1216.063	3722.0947
1218.234	3770.1897
1220.407	3809.4192
1222.575	3837.4829
1224.7469	3848.6504
1226.916	3839.2375
1229.087	3811.6206
1231.2531	3773.1809
1233.425	3731.8296
1235.592	3692.3447
1237.7581	3655.8423
1239.922	3621.417
1242.092	3588.0698
1244.257	3556.2114
1246.421	3528.3367
1248.587	3507.6833
1250.75	3494.7603
1252.913	3484.7095
1255.075	3469.0728
1257.239	3441.4258
1259.4	3402.1501
1261.561	3358.4319
1263.723	3319.7771
1265.8831	3292.5688
1268.042	3277.7402
1270.202	3273.2998
1272.358	3279.0894
1274.5179	3298.9775
1276.675	3338.7571
1278.833	3402.3896
1280.989	3489.5222
1283.146	3594.8518
1285.299	3709.2983
1287.457	3823.2522
1289.609	3930.3833
1291.7629	4028.5684
1293.917	4116.6387
1296.069	4190.2969
1298.2209	4241.8174
1300.374	4264.2852
1302.525	4256.7012
1304.677	4225.584
1306.824	4181.9063
1308.975	4136.4053
1311.124	4097.584
1313.274	4073.1265
1315.421	4070.7666
1317.568	4095.1436
1319.714	4142.665
1321.8621	4199.8403
1324.007	4247.5293
1326.1541	4268.2144
1328.296	4251.9766
1330.444	4199.208
1332.585	4119.8301
1334.73	4028.8669
1336.874	3939.8242
1339.014	3860.019
1341.158	3791.2559
1343.297	3734.0967
1345.439	3690.3872
1347.579	3661.1108
1349.72	3642.1631
1351.856	3623.2068
1353.998	3591.9775
1356.1331	3541.1318
1358.274	3472.1899
1360.4091	3393.8123
1362.546	3316.5674
1364.682	3248.3862
1366.818	3192.9431
1368.951	3150.5386
1371.0861	3120.1226
1373.22	3101.1216
1375.354	3093.7332
1377.485	3097.1584
1379.62	3107.25
1381.749	3116.1423
1383.882	3114.7927
1386.012	3096.6758
1388.1429	3060.3455
1390.271	3010.0688
1392.403	2954.4792
1394.5291	2903.0479
1396.658	2861.6641
1398.7841	2830.6685
1400.9139	2807.1182
1403.04	2788.7227
1405.165	2775.6133
1407.29	2769.1489
1409.416	2769.7642
1411.54	2775.9604
1413.663	2785.3779
1415.788	2797.4067
1417.912	2815.1899
1420.032	2844.9043
1422.155	2892.4238
1424.274	2959.646
1426.3979	3042.9172
1428.52	3134.4487
1430.637	3225.5681
1432.756	3309.4255
1434.876	3381.5254
1436.995	3438.6304
1439.1121	3477.772
1441.229	3496.178
1443.345	3491.4871
1445.463	3461.6965
1447.578	3405.3545
1449.694	3322.6743
1451.806	3216.9492
1453.922	3094.5344
1456.036	2962.7246
1458.149	2827.4849
1460.261	2693.4487
1462.374	2565.2949
1464.483	2447.2432
1466.597	2340.3958
1468.707	2241.7454
1470.817	2147.0225
1472.926	2054.3025
1475.036	1964.3447
1477.142	1878.0283
1479.2531	1794.5333
1481.36	1712.4342
1483.4659	1632.4316
1485.572	1558.7876
1487.679	1497.4565
1489.782	1451.637
1491.8879	1418.3689
1493.9919	1389.9791
1496.099	1360.1527
1498.2	1329.6281
1500.304	1306.3254
1502.405	1299.5413
1504.507	1312.7583
1506.6071	1340.4983
1508.709	1371.5576
1510.809	1396.345
1512.908	1412.9219
1515.007	1427.2845
1517.108	1448.1318
1519.2061	1480.7236
1521.303	1524.3903
1523.4	1574.3638
1525.498	1625.0732
1527.595	1671.9855
1529.688	1711.6205
1531.785	1741.418
1533.879	1760.7473
1535.974	1772.4434
1538.067	1783.103
1540.16	1801.1908
1542.252	1833.738
1544.345	1883.3298
1546.436	1946.9485
1548.5291	2017.7843
1550.6169	2089.7732
1552.708	2161.9875
1554.797	2238.8423
1556.887	2325.2351
1558.975	2420.8472
1561.063	2518.8982
1563.15	2609.9473
1565.238	2686.2869
1567.324	2742.9932
1569.411	2776.2988
1571.496	2782.4883
1573.5811	2758.9539
1575.6639	2706.7666
1577.75	2632.9868
1579.833	2550.343
1581.917	2472.8066
1583.999	2409.0732
1586.082	2358.957
1588.163	2316.0161
1590.243	2274.1792
1592.323	2232.2837
1594.4041	2192.582
1596.483	2155.6277
1598.563	2117.7358
1600.641	2073.9619
1602.72	2023.085
1604.797	1969.2445
1606.874	1919.1809
1608.948	1878.4519
1611.025	1849.755
1613.1	1833.3468
1615.176	1827.707
1617.252	1829.4979
1619.325	1833.8339
1621.3979	1836.2795
1623.472	1836.0999
1625.546	1838.2175
1627.615	1851.603
1629.688	1884.4589
1631.7581	1939.2363
1633.83	2010.7849
1635.899	2088.4243
1637.968	2160.1025
1640.037	2216.6245
1642.104	2254.8726
1644.172	2278.4548
1646.24	2294.1777
1648.307	2305.9946
1650.374	2311.4236
1652.4399	2303.491
1654.505	2275.9995
1656.569	2227.7112
1658.635	2163.0298
1660.698	2089.4192
1662.7629	2013.4869
1664.823	1938.4727
1666.887	1864.7035
1668.948	1791.7072
1671.011	1719.381
1673.072	1647.5134
1675.131	1575.0887
1677.191	1500.3647
1679.252	1421.3088
1681.3101	1336.2529
1683.368	1245.4205
1685.425	1152.8177
1687.484	1066.087
1689.542	992.79297
1691.598	935.39124
1693.6541	889.55493
1695.71	848.02081
1697.765	806.56799
1699.819	766.36658
1701.8719	730.95886
1703.927	701.92957
1705.978	677.90778
1708.031	656.94836
1710.083	638.86401
1712.136	625.10498
1714.186	616.69824
1716.236	612.43237
1718.2889	609.27423
1720.337	604.9715
1722.387	600.16187
1724.4351	597.30396
1726.483	597.43079
1728.53	598.83026
1730.578	599.68854
1732.6219	601.35876
1734.67	607.26501
1736.7159	617.73315
1738.761	627.01782
1740.8051	627.02264
1742.849	614.26001
1744.892	592.78162
1746.936	570.685
1748.9771	554.39398
1751.022	545.66565
1753.063	542.35675
1755.104	540.78699
1757.144	537.39111
1759.184	529.2135
1761.223	514.48114
1763.265	493.93811
1765.302	471.46942
1767.3409	452.31857
1769.377	439.99396
1771.415	434.7644
1773.45	434.63483
1775.489	436.97589
1777.5229	439.23633
1779.559	439.06158
1781.594	434.80209
1783.6281	426.6463
1785.663	417.46582
1787.696	411.8121
1789.728	412.70575
1791.76	418.46622
1793.793	422.65558
1795.824	417.76764
1797.854	400.12183
1799.884	372.43744
1801.917	342.27789
1803.9449	317.67313
1805.973	303.20087
1808.001	298.67896
1810.032	300.10352
1812.058	301.83334
1814.0861	299.62311
1816.11	293.186
1818.1379	286.00595
1820.163	282.26181
1822.187	283.65125
1824.2111	288.34091
1826.2371	291.9021
1828.26	289.71893
1830.283	280.44449
1832.307	268.22076
1834.329	260.81589
1836.348	264.46518
1838.371	279.75992
1840.391	301.56909
1842.412	322.15756
1844.4301	335.09357
1846.451	338.0983
1848.469	333.75272
1850.4871	328.06821
1852.504	327.93024
1854.5229	338.18707
1856.538	359.03174
1858.557	385.44012
1860.571	410.04004
1862.5861	427.56509
1864.6021	437.14508
1866.616	441.05725
1868.6281	441.93436
1870.645	440.92108
1872.655	437.53296
1874.6689	430.53244
1876.681	418.99829
1878.692	403.29987
1880.703	385.7623
1882.713	370.31308
1884.723	360.66101
1886.734	358.04306
1888.741	360.47385
1890.7531	364.29205
1892.759	366.84363
1894.766	368.29669
1896.775	371.185
1898.781	377.90448
1900.7889	388.29105
1902.792	399.55154
1904.799	408.315
1906.804	412.46362
1908.808	411.56573
1910.811	406.8493
1912.814	401.21896
1914.817	398.21259
1916.821	399.43863
1918.822	402.29697
1920.823	400.32654
1922.824	386.59607
1924.824	358.25793
1926.824	319.37122
1928.825	279.82434
1930.822	250.65247
1932.822	238.84045
1934.818	245.06476
1936.817	264.99042
1938.814	291.77148
1940.812	317.64075
1942.807	334.99207
1944.804	338.30701
1946.797	326.56342
1948.793	304.34521
1950.786	280.62125
1952.783	265.36746
1954.774	264.81775
1956.7679	277.48019
1958.759	294.3551
1960.752	304.5444
1962.7419	302.22034
1964.734	288.94803
1966.723	269.99936
1968.714	249.37697
1970.704	228.68599
1972.693	209.85281
1974.681	197.30357
1976.6689	196.04515
1978.658	206.85078
1980.645	223.63469
1982.6331	236.71429
1984.618	239.51331
1986.603	232.19174
1988.59	219.24178
1990.575	204.84909
1992.559	190.99846
1994.542	178.58041
1996.526	168.51793
1998.5081	161.45044
2000.491	157.11871
2002.474	154.89235
2004.454	155.24474
2006.437	160.45738
2008.415	173.22357
2010.395	194.00685
2012.375	219.50192
2014.354	243.65004
2016.332	260.63672
2018.312	267.88495
2020.288	266.82794
2022.267	260.86996
2024.243	252.86969
2026.22	245.13068
2028.1949	241.32544
2030.171	246.4989
2032.146	263.45975
2034.12	288.9729
2036.092	314.34186
2038.067	330.65274
2040.04	334.31958
2042.0129	328.57858
2043.985	320.62872
2045.958	317.35785
2047.927	322.0589
2049.8979	332.80478
2051.8679	343.32489
2053.8379	347.12451
2055.8069	342.42963
2057.7781	333.14795
2059.7439	324.51974
2061.7119	318.25995
2063.6799	312.58829
2065.6479	306.38947
2067.613	301.66254
2069.5791	300.89966
2071.5439	302.75797
2073.511	301.71301
2075.4761	292.71106
2077.4399	276.31958
2079.4021	259.58325
2081.3669	251.92961
2083.3301	259.30127
2085.29	280.19064
2087.2539	305.25897
2089.2151	320.76587
2091.176	315.63699
2093.135	289.56607
2095.0969	255.5797
2097.0559	232.2086
2099.0139	230.16556
2100.9719	245.49976
2102.9319	265.26984
2104.8899	279.17255
2106.845	286.0787
2108.802	291.43216
2110.76	300.1759
2112.7141	312.04099
2114.6709	322.39478
2116.623	326.89023
2118.5791	325.28229
2120.533	320.99582
2122.4871	317.53922
2124.4399	315.92523
2126.394	315.2597
2128.343	314.58234
2130.2959	313.40616
2132.2461	311.1048
2134.199	306.74353
2136.1489	299.68677
2138.0991	290.14124
2140.0471	279.18423
2141.9961	268.45135
2143.9441	259.75989
2145.8921	254.85515
2147.8401	254.98167
2149.7871	259.62137
2151.7339	265.06201
2153.6799	265.3334
2155.624	256.70282
2157.571	242.31216
2159.5161	231.37785
2161.4609	231.91702
2163.4031	243.30273
2165.3479	256.31985
2167.291	260.91751
2169.2319	253.76094
2171.1741	238.80183
2173.114	222.54413
2175.0569	210.45119
2176.9961	207.00497
2178.938	215.94846
2180.877	237.43103
2182.8181	264.5083
2184.7549	284.69476
2186.6951	287.75058
2188.6321	273.34485
2190.5691	251.30804
2192.5071	234.53885
2194.4431	231.18549
2196.3799	241.36592
2198.3149	258.54385
2200.2471	273.66571
2202.1841	280.49826
2204.1169	279.53091
2206.051	277.1344
2207.9851	279.91437
2209.918	288.99088
2211.8491	299.49158
2213.783	305.54425
2215.7129	305.72754
2217.644	304.05487
2219.575	306.34076
2221.5049	315.47885
2223.4341	329.16895
2225.365	341.81549
2227.292	349.52789
2229.2209	353.88553
2231.147	360.21716
2233.0769	371.56256
2235.002	384.65659
2236.929	392.47455
2238.854	390.71887
2240.781	381.38635
2242.7051	370.11304
2244.6321	361.03925
2246.5549	355.10309
2248.481	352.77258
2250.4041	356.67853
2252.3259	370.13361
2254.2471	393.0321
2256.1689	419.96835
2258.093	442.64557
2260.0129	454.09839
2261.9341	451.73685
2263.853	438.4483
2265.7729	421.45242
2267.6909	408.37589
2269.6121	402.5293
2271.5291	401.67566
2273.449	401.50674
2275.365	399.65897
2277.282	396.11658
2279.198	390.95239
2281.114	382.91724
2283.0291	370.01093
2284.9441	350.85852
2286.8601	325.96378
2288.7739	298.21069
2290.689	271.86789
2292.603	250.69447
2294.5139	237.0014
2296.427	232.05759
2298.3379	236.25314
2300.25	248.30151
2302.1599	264.76263
2304.073	281.00769
2305.9819	293.14059
2307.8931	299.70761
2309.801	302.31705
2311.71	304.60898
2313.6179	309.67761
2315.5281	317.47998
2317.4341	324.62817
2319.342	327.26218
2321.248	324.3165
2323.1541	317.61838
2325.0591	308.83673
2326.967	297.1954
2328.8711	280.97043
2330.7759	261.14209
2332.6799	242.78891
2334.5811	231.99268
2336.4851	230.79843
2338.3879	235.19954
2340.291	238.38103
2342.1919	235.98486
2344.095	228.10556
2345.9951	216.94009
2347.896	204.19942
2349.7949	191.36327
2351.6941	180.55087
2353.593	173.04626
2355.4929	167.5648
2357.3899	162.03119
2359.2881	157.23666
2361.186	157.04109
2363.082	164.16095
2364.978	176.41769
2366.876	187.43843
2368.771	190.66927
2370.666	183.32411
2372.5591	168.43819
2374.4551	154.32292
2376.3479	150.50385
2378.2419	161.15518
2380.1321	181.1497
2382.0271	199.68622
2383.918	209.10229
2385.811	210.12814
2387.7009	208.56699
2389.592	208.0714
2391.4819	207.17586
2393.3721	202.75116
2395.261	195.02579
2397.1499	188.77267
2399.0381	189.83514
2400.927	200.38771
2402.813	217.00832
2404.7009	232.99971
2406.5869	242.83942
2408.4741	245.17064
2410.3589	242.41336
2412.2461	237.94141
2414.1311	233.36163
2416.0149	228.0421
2417.8979	221.11526
2419.781	213.75716
2421.667	208.91617
2423.5491	208.40427
2425.4299	210.60909
2427.313	211.43672
2429.1941	207.2271
2431.0759	196.87122
2432.9551	182.47462
2434.8359	169.09558
2436.7151	163.0018
2438.594	168.34355
2440.4751	184.4808
2442.3511	206.16803
2444.2319	226.01825
2446.1069	237.37553
2447.9851	236.91071
2449.8611	226.66476
2451.7361	213.97485
2453.613	207.7551
2455.488	212.64941
2457.363	225.62526
2459.2371	238.39514
2461.1111	243.88506
2462.9851	241.10681
2464.8579	234.55725
2466.731	229.70265
2468.6011	229.22858
2470.4761	232.67627
2472.345	238.12137
2474.218	243.37387
2476.0869	246.1064
2477.958	243.9966
2479.8269	235.53412
2481.697	220.99878
2483.564	202.96509
2485.4351	186.17149
2487.3	176.53777
2489.1689	178.88049
2491.0349	193.92783
2492.9031	217.0052
2494.769	240.32074
2496.635	257.49475
2498.499	266.59644
2500.365	269.44678
2502.23	268.47473
2504.094	264.33466
2505.9551	256.34329
2507.8191	244.70454
2509.6831	231.51477
2511.5449	219.31264
2513.405	209.45874
2515.2671	202.66965
2517.1289	200.2309
2518.989	202.96591
2520.8511	208.83655
2522.708	213.22086
2524.5691	212.93396
2526.425	209.79623
2528.2871	209.47447
2530.144	216.54587
2532.001	230.64456
2533.8579	247.06477
2535.7141	260.67706
2537.5701	269.21573
2539.425	273.31689
2541.282	274.36874
2543.1379	272.99091
2544.991	269.08929
2546.8459	262.3399
2548.699	252.59833
2550.552	240.7191
2552.4041	229.03662
2554.2571	220.10587
2556.1079	214.67982
2557.9609	211.60811
2559.8101	209.91296
2561.6621	210.25951
2563.512	214.01913
2565.3611	221.40303
2567.21	231.09396
2569.061	241.66922
2570.907	252.88786
2572.7571	265.14093
2574.604	277.62708
2576.4509	287.49234
2578.2981	291.29443
2580.145	287.61993
2581.991	278.30325
2583.8359	267.09045
2585.6809	257.2168
2587.5249	250.12143
2589.3711	245.75717
2591.2151	243.3813
2593.0559	242.14276
2594.8989	241.58691
2596.7429	241.89664
2598.583	243.51817
2600.426	246.62384
2602.2671	251.13647
2604.1101	257.08795
2605.948	264.5419
2607.7881	273.07245
2609.6279	281.52979
2611.468	288.42667
2613.3049	292.40155
2615.145	292.05447
2616.981	285.42636
2618.8201	270.59283
2620.655	248.33441
2622.4929	224.9707
2624.3291	211.26157
2626.165	215.88004
2627.999	238.09982
2629.835	266.94897
2631.6689	288.815
2633.5029	297.23044
2635.335	296.31326
2637.1699	295.58054
2639.001	301.73349
2640.835	314.50562
2642.667	328.6333
2644.4971	338.84528
2646.3279	343.65463
2648.1599	345.55927
2649.989	348.00421
2651.8201	352.01196
2653.6479	355.66132
2655.4771	356.6131
2657.3059	354.71271
2659.134	352.0564
2660.9629	351.01294
2662.79	352.56644
2664.614	356.23071
2666.4419	360.91562
2668.2681	365.89624
2670.094	371.56256
2671.918	379.24216
2673.7439	389.42914
2675.5701	399.81915
2677.3911	406.0303
2679.2141	405.45569
2681.0381	400.7037
2682.8621	398.90128
2684.6831	407.15326
2686.5061	427.86536
2688.3259	457.28125
2690.1489	487.83142
2691.967	512.4892
2693.7871	528.50897
2695.6069	538.4494
2697.426	547.74927
2699.2451	560.12946
2701.064	574.13049
2702.8821	584.14801
2704.7	585.76648
2706.5161	580.48645
2708.334	574.73254
2710.1499	573.86664
2711.9661	577.48511
2713.78	580.6272
2715.595	578.68744
2717.4089	570.53656
2719.2251	558.04871
2721.0371	544.68427
2722.8511	534.93219
2724.6641	533.18219
2726.4771	540.91418
2728.2881	554.23706
2730.1021	564.69574
2731.9121	563.71265
2733.7229	547.9895
2735.533	522.06189
2737.345	495.76282
2739.1531	478.11923
2740.9629	472.27209
2742.77	475.12
2744.5811	481.17578
2746.3889	486.69998
2748.196	490.62482
2750.002	492.45313
2751.8091	490.41501
2753.6169	482.31177
2755.4221	467.88763
2757.2271	449.84317
2759.032	432.48224
2760.8369	419.55542
2762.6399	413.18091
2764.4451	413.96423
2766.2471	420.96289
2768.052	431.05609
2769.854	439.47098
2771.657	442.75983
2773.457	441.86893
2775.259	441.31549
2777.0591	444.39032
2778.8621	449.37799
2780.6609	451.24405
2782.4609	447.11734
2784.26	439.50009
2786.0591	433.91797
2787.8569	434.07431
2789.655	439.69568
2791.4519	448.50229
2793.25	459.49677
2795.0459	474.30444
2796.843	495.73907
2798.6379	525.19843
2800.436	561.03882
2802.23	598.8623
2804.0259	633.44781
2805.8191	661.81067
2807.614	686.23553
2809.405	714.67236
2811.199	756.578
2812.99	816.68848
2814.7849	892.6416
2816.5759	979.22296
2818.3679	1074.9586
2820.1589	1184.4375
2821.95	1314.7803
2823.739	1470.4722
2825.5291	1651.1628
2827.3191	1853.2542
2829.1089	2072.7637
2830.8979	2306.396
2832.6841	2549.9275
2834.4709	2796.2542
2836.259	3036.3691
2838.0491	3263.3623
2839.833	3475.8542
2841.6179	3678.02
2843.405	3877.5103
2845.1909	4084.2056
2846.9751	4309.6006
2848.761	4563.6738
2850.5439	4848.627
2852.3269	5154.4844
2854.1101	5462.3022
2855.895	5753.8936
2857.676	6020.1069
2859.459	6261.2988
2861.24	6481.7881
2863.022	6684.834
2864.802	6871.7988
2866.584	7044.0854
2868.3611	7204.9458
2870.144	7359.626
2871.9209	7513.8984
2873.7009	7672.188
2875.478	7836.7402
2877.2571	8008.1772
2879.0349	8186.5576
2880.811	8372.1143
2882.5879	8565.2959
2884.365	8765.7861
2886.1399	8970.6504
2887.916	9173.3691
2889.6899	9366.2979
2891.4661	9546.6016
2893.24	9721.0781
2895.0139	9904.1523
2896.7881	10108.748
2898.561	10336.988
2900.333	10578.311
2902.1069	10815.938
2903.877	11035.944
2905.6489	11232.695
2907.4199	11408.422
2909.1919	11568.208
2910.96	11713.845
2912.73	11840.66
2914.502	11939.092
2916.269	11998.46
2918.0359	12009.029
2919.8069	11961.975
2921.575	11850.28
2923.342	11671.988
2925.1101	11433.127
2926.875	11146.721
2928.6431	10828.129
2930.4089	10490.683
2932.1741	10145.098
2933.939	9802.041
2935.7029	9473.8281
2937.467	9172.0381
2939.2319	8902.6328
2940.9939	8663.6553
2942.7581	8447.9941
2944.521	8247.9648
2946.283	8057.207
2948.0449	7869.6182
2949.8059	7678.3916
2951.5669	7477.2607
2953.3269	7263.2842
2955.0891	7038.9067
2956.8491	6811.1348
2958.6069	6587.2646
2960.3669	6369.3916
2962.124	6151.8315
2963.884	5923.9805
2965.6399	5676.5967
2967.3989	5406.665
2969.1541	5118.0698
2970.9131	4819.3906
2972.6689	4521.2822
2974.425	4234.1655
2976.1799	3965.7488
2977.9351	3718.6636
2979.6899	3489.7803
2981.4441	3272.6206
2983.199	3061.9006
2984.9509	2856.6509
2986.7041	2659.4009
2988.457	2473.1255
2990.2109	2299.4658
2991.9609	2138.7749
2993.7129	1989.7301
2995.4629	1848.0775
2997.2151	1707.3627
2998.9641	1563.3901
3000.7141	1419.0931
3002.4629	1284.3372
3004.2141	1169.6824
3005.9609	1079.3143
3007.7109	1009.0309
3009.458	950.0993
3011.2061	894.98083
3012.9509	840.75378
3014.7	789.18481
3016.4451	744.8512
3018.1919	712.85352
3019.9351	696.80811
3021.6819	697.31836
3023.427	711.09729
3025.1709	731.23907
3026.916	749.35095
3028.658	759.28723
3030.4009	760.328
3032.144	757.25171
3033.887	757.13721
3035.6289	765.40924
3037.3701	783.63892
3039.113	809.56915
3040.8511	838.48035
3042.593	864.974
3044.333	884.36047
3046.072	893.0072
3047.811	887.92926
3049.55	866.79205
3051.2881	828.9231
3053.0281	776.43951
3054.7629	714.12152
3056.502	647.82526
3058.238	582.63715
3059.9741	522.04156
3061.7109	468.13647
3063.446	421.9111
3065.1831	382.95346
3066.917	349.13339
3068.6499	317.32629
3070.385	285.38882
3072.1201	254.08012
3073.8511	227.08496
3075.585	208.65802
3077.3181	200.48273
3079.05	200.0872
3080.781	202.16214
3082.5139	202.23633
3084.2429	200.07927
3085.9741	199.54344
3087.7051	204.48206
3089.4341	214.87044
3091.1641	227.27072

